100
4 45 94
6 82 44
1 8 11
6 71 74
4 95 17
2 10 6
3 35 14
1 47 47
1 10 54
3 14 92
4 6 83
1 100 70
4 68 17
3 49 47
3 47 53
6 99 17
6 5 53
3 15 88
4 63 7
1 22 25
2 90 21
6 61 2
4 95 13
2 22 25
6 35 81
6 12 13
5 81 82
6 86 51
1 15 70
3 10 100
2 62 97
4 2 66
1 67 37
2 95 84
2 83 85
2 82 72
1 64 71
4 10 99
3 23 79
2 84 98
1 16 78
2 80 58
6 90 24
2 98 52
3 83 13
6 38 45
4 32 80
2 58 83
6 7 42
2 22 7
1 54 61
1 70 52
6 58 32
1 48 10
2 45 27
3 2 64
6 9 24
4 59 42
1 100 81
4 89 1
1 50 63
4 68 20
4 98 16
4 3 22
3 2 41
2 46 36
4 60 80
2 34 73
4 11 80
6 54 62
6 90 98
4 70 60
3 26 25
6 97 65
1 10 2
5 58 24
4 36 88
2 63 27
4 21 75
4 72 18
2 94 69
2 54 80
6 58 93
4 19 45
3 57 61
6 45 64
4 67 62
4 39 59
2 88 98
4 78 75
3 86 82
4 60 59
1 18 62
5 34 19
5 21 70
5 1 77
3 76 42
1 15 74
3 78 52
6 19 5
32
13 45 94
15 82 44
12 8 11
13 71 74
12 95 17
15 10 6
11 35 14
15 47 47
15 10 54
11 14 92
13 6 83
14 100 70
13 68 17
10 49 47
15 47 53
14 99 17
13 5 53
11 15 88
13 63 7
10 22 25
11 90 21
14 61 2
11 95 13
15 22 25
15 35 81
13 12 13
11 81 82
14 86 51
12 15 70
14 10 100
13 62 97
15 2 66
