Centros: [50, 33, 139, 89, 111, 166, 175, 142, 2, 64]

Puntos centro 1: [50, 205, 79, 123, 138, 202, 152, 218, 46, 23, 21, 227, 145, 214, 30, 43, 18, 69]
Puntos centro 2: [33, 108, 230, 161, 128, 1, 48, 49, 119, 29, 169, 232, 136, 8, 234, 223, 180, 53, 201, 181, 81, 172, 163]
Puntos centro 3: [139, 120, 66, 102, 130, 55, 34, 158, 59, 5, 210, 67, 14, 200, 188, 72, 171, 13, 153, 125, 168, 209, 154, 150, 144, 208, 41, 65, 191, 174, 80, 31, 6, 11, 27, 90, 96, 156, 74, 62, 178, 162, 76]
Puntos centro 4: [89, 99, 238, 47, 226, 197, 9, 239, 73, 25, 116, 91, 19, 98, 110, 94, 83, 194, 216, 140, 101]
Puntos centro 5: [111, 52, 196, 39, 20, 134, 115, 212, 10, 146, 63, 213, 157, 182, 58, 185, 170]
Puntos centro 6: [166, 165, 225, 164, 37, 3, 173, 84, 228, 78, 235, 215, 70, 179, 44, 36, 219]
Puntos centro 7: [175, 231, 107, 221, 160, 45, 112, 7, 113, 148, 54, 57, 143, 40, 35, 15, 117, 207, 203, 167, 236, 222, 61, 133, 195]
Puntos centro 8: [142, 95, 92, 129, 24, 132, 237, 189, 177, 186, 187]
Puntos centro 9: [2, 100, 229, 114, 184, 38, 217, 75, 86, 137, 206, 176, 159, 51, 85, 147, 224, 127, 149, 109, 82, 220, 28, 192, 126, 32]
Puntos centro 10: [64, 118, 131, 16, 211, 121, 12, 17, 60, 199, 193, 97, 198, 88, 204, 233, 68, 104, 151, 77, 183, 141, 71, 135, 4, 240, 124, 93, 190, 103, 87, 26, 105, 106, 155, 122, 56, 42, 22]

Suma conjunto 1: 1641.9705823755498
Suma conjunto 2: 2511.412935784504
Suma conjunto 3: 6581.141765305937
Suma conjunto 4: 2192.216177978336
Suma conjunto 5: 2225.531744805417
Suma conjunto 6: 1818.4087925644908
Suma conjunto 7: 2769.153684464383
Suma conjunto 8: 889.9588999258546
Suma conjunto 9: 3211.8241742951486
Suma conjunto 10: 5343.660677474821

Suma total : 29185.279434974444

