Centros: [195, 172, 10, 11, 37, 118, 129, 196, 120, 147]

Puntos centro 1: [195, 54, 165, 225, 231, 222, 203, 7, 113, 173, 143, 235, 207, 175, 3, 40, 107, 112, 117, 45, 35, 133, 160, 148, 164, 57, 84, 15]
Puntos centro 2: [172, 230, 33, 161, 223, 136, 154, 119, 77, 168, 51, 137, 1, 181, 85, 163, 90, 114, 81, 48, 240, 108, 180, 8, 201, 151, 131, 53, 169, 29]
Puntos centro 3: [10, 182, 213, 115, 170, 111, 185, 20, 212, 146]
Puntos centro 4: [11, 96, 76, 59, 178, 27, 5, 66, 34, 67, 31, 174, 156, 139, 13, 162, 14, 188, 65, 41, 158, 102, 210, 130, 80, 153, 191, 209]
Puntos centro 5: [37, 179, 43, 214, 219, 78, 228, 234, 227, 232, 46, 49, 50, 205, 145, 218, 79, 21, 138, 36, 23, 123, 18, 70, 69, 128, 166, 215, 30]
Puntos centro 6: [118, 88, 124, 236, 198, 97, 183, 193, 17, 141, 12, 4, 167, 64, 103, 121, 93, 211, 42, 122, 221, 190, 87, 60, 199, 61, 44, 71, 135, 68, 104, 155]
Puntos centro 7: [129, 116, 202, 186, 226, 92, 95, 98, 73, 187, 142, 177, 237, 189, 24, 132, 239, 19, 91, 110, 194, 152, 238, 89]
Puntos centro 8: [196, 204, 63, 134, 22, 16, 233, 39, 26, 106, 58, 105, 56, 52]
Puntos centro 9: [120, 101, 94, 62, 99, 171, 72, 83, 197, 55, 6, 47, 74, 140, 125, 9, 25, 208, 216, 150, 144, 200]
Puntos centro 10: [147, 149, 82, 192, 157, 126, 28, 100, 176, 32, 2, 220, 159, 206, 217, 109, 184, 224, 127, 75, 38, 86, 229]

Suma conjunto 1: 3094.5237002642452
Suma conjunto 2: 4019.2672534187427
Suma conjunto 3: 1036.4783712730896
Suma conjunto 4: 3783.9084101686312
Suma conjunto 5: 3842.613477702299
Suma conjunto 6: 4291.443945590637
Suma conjunto 7: 3543.7484288425326
Suma conjunto 8: 1705.040610774391
Suma conjunto 9: 2521.208127503933
Suma conjunto 10: 2960.754545451142

Suma total : 30798.98687098963

