Centros: [174, 143, 21, 157, 80, 198, 191, 224, 173, 28]

Puntos centro 1: [174, 110, 209, 125, 150, 208, 74, 200, 94, 162]
Puntos centro 2: [143, 7, 61, 122, 12, 195, 203, 236, 15, 231, 35, 167, 118, 71, 222, 107, 221, 175, 160, 54, 148, 40]
Puntos centro 3: [21, 201, 223, 79, 145, 230, 205, 95, 46, 49, 98, 227, 83, 169, 123, 129, 81, 128, 214, 138, 238, 73, 69, 18, 177, 132, 142, 161, 116, 194, 237, 23, 1, 33, 202, 239, 189, 24, 92, 53, 43, 50, 37, 101, 187, 19, 215, 152, 89, 226, 232, 234, 186, 91, 216, 30, 218]
Puntos centro 4: [157, 111, 196, 212, 39, 159, 58, 182, 115, 170, 134, 176, 52, 146, 149, 206, 20, 126, 10, 147, 220, 109, 63, 192, 204, 185, 213]
Puntos centro 5: [80, 178, 130, 59, 158, 31, 156]
Puntos centro 6: [198, 88, 121, 105, 87, 141, 68, 135, 22, 16, 193, 183, 60, 199, 26, 119, 17, 64, 124, 233, 93, 106, 103, 56, 136, 4, 42]
Puntos centro 7: [191, 5, 163, 14, 72, 11, 197, 120, 34, 96, 90, 210, 140, 76, 139, 9, 55, 41, 27, 13, 66, 171, 62, 168, 144, 25, 99, 67, 188, 65, 6, 154, 47]
Puntos centro 8: [224, 75, 29, 240, 131, 38, 86, 2, 181, 180, 217, 151, 127, 108, 77, 137, 85, 100, 172, 48]
Puntos centro 9: [173, 179, 164, 84, 113, 190, 117, 45, 211, 235, 3, 165, 112, 166, 97, 228, 219, 36, 207, 104, 44, 78, 70, 133, 8, 225, 155, 57]
Puntos centro 10: [28, 51, 229, 82, 153, 32, 184, 102, 114]

Suma conjunto 1: 1644.446672451652
Suma conjunto 2: 2501.320463950118
Suma conjunto 3: 12919.27677361753
Suma conjunto 4: 4157.750679178452
Suma conjunto 5: 544.074051357611
Suma conjunto 6: 3372.90634400009
Suma conjunto 7: 5283.215505883924
Suma conjunto 8: 2506.4418593890427
Suma conjunto 9: 3386.2015483041923
Suma conjunto 10: 1173.67912546845

Suma total : 37489.31302360105

