Centros: [123, 143, 149, 112, 25, 208, 52, 60, 169, 96]

Puntos centro 1: [123, 142, 218, 227, 237, 214, 132, 30, 50, 202, 18, 24, 138, 92, 69, 152, 37, 95, 239, 205, 187, 23, 43, 186, 46, 73, 21, 177, 129, 79, 189, 145]
Puntos centro 2: [143, 222, 12, 236, 61, 190, 167, 87, 35, 122, 54, 203, 199, 7, 148, 15, 231, 71, 221]
Puntos centro 3: [149, 75, 32, 2, 159, 224, 126, 115, 146, 100, 10, 20, 86, 206, 192, 109, 217, 114, 38, 229, 147, 220, 176, 127, 82]
Puntos centro 4: [112, 78, 113, 219, 70, 133, 36, 207, 3, 165, 215, 235, 173, 175, 104, 228, 166, 179, 107, 225, 40, 84, 195, 117, 164, 44, 45, 160, 57]
Puntos centro 5: [25, 163, 47, 91, 19, 83, 216, 116, 101, 90, 194, 226, 98, 140, 89, 99, 9, 238, 223]
Puntos centro 6: [208, 74, 162, 94, 197, 6, 150, 120, 72, 125, 110, 62, 200, 171]
Puntos centro 7: [52, 170, 63, 182, 185, 58, 134, 39, 56, 157, 213, 111, 212, 204, 26, 196]
Puntos centro 8: [60, 103, 105, 42, 17, 151, 155, 93, 106, 181, 88, 118, 77, 16, 48, 198, 141, 124, 240, 4, 121, 85, 211, 68, 64, 135, 183, 131, 97, 233, 22, 193]
Puntos centro 9: [169, 234, 232, 29, 136, 119, 172, 230, 81, 33, 180, 201, 8, 53, 1, 108, 49, 161, 128]
Puntos centro 10: [96, 130, 174, 76, 188, 156, 178, 55, 137, 80, 144, 59, 168, 67, 65, 153, 5, 209, 11, 28, 102, 41, 13, 51, 66, 154, 210, 139, 14, 34, 31, 27, 158, 191, 184]

Suma conjunto 1: 4866.791905335548
Suma conjunto 2: 2089.0707455031006
Suma conjunto 3: 2578.299276443503
Suma conjunto 4: 3576.342668117698
Suma conjunto 5: 2145.878666493567
Suma conjunto 6: 1277.3190913758638
Suma conjunto 7: 2351.9045849359704
Suma conjunto 8: 4002.01389888718
Suma conjunto 9: 1964.013947811905
Suma conjunto 10: 5036.83759354523

Suma total : 29888.472378449555

