Centros: [8, 131, 97, 193, 53, 108, 201, 161, 154, 75]

Puntos centro 1: [8, 23, 92, 237, 177, 4, 221, 54, 234, 180, 186, 105, 211, 169, 231, 200, 181, 158, 78, 132, 16, 217, 42, 79, 191, 127, 30, 52, 33, 76, 50, 224, 136, 133, 196, 69, 62, 107, 190, 11, 238, 3, 202, 24, 86, 152, 199, 74, 61, 165, 112, 77, 215, 159, 146, 58, 91, 82, 157]
Puntos centro 2: [131, 141, 118, 184, 223, 88, 198, 22, 212, 35, 20, 59, 117, 83, 216, 139, 46, 140, 173, 171, 142, 205, 188, 220, 240, 100, 178, 145, 151, 137, 84, 41, 121, 32, 111, 14, 187, 96, 36]
Puntos centro 3: [97, 71, 150]
Puntos centro 4: [193, 109, 26, 87, 93, 55, 148, 206, 147, 6, 228, 38, 2, 119, 37, 143, 70, 167, 182, 56, 39, 9, 85, 28, 64, 15, 73, 94, 155, 179, 19, 43]
Puntos centro 5: [53, 218, 214, 104, 226, 116, 203, 239, 144, 27, 106, 183, 29, 222, 90, 124, 51, 135, 128, 81]
Puntos centro 6: [108, 114, 10, 166, 45, 80, 89, 204, 130, 103, 194, 40, 219, 230, 110, 207, 175, 163, 126, 174, 48, 102, 67, 57, 232, 68, 227, 17, 189, 34, 153, 31, 12, 164, 229, 210]
Puntos centro 7: [201, 115, 72, 5, 213, 25, 168, 44, 49, 149, 195, 95, 113, 170]
Puntos centro 8: [161, 156, 235, 65, 172, 138, 60, 162, 47, 123, 7, 120]
Puntos centro 9: [154, 134, 125, 99, 21, 225, 208, 129, 160, 18, 122, 13, 209, 66, 233, 192, 1, 63, 185, 197, 176, 98, 101]
Puntos centro 10: [75, 236]

Suma conjunto 1: 22452.710138005303
Suma conjunto 2: 15741.732723399273
Suma conjunto 3: 887.6013761179215
Suma conjunto 4: 11256.954444054347
Suma conjunto 5: 5577.418931488761
Suma conjunto 6: 14354.61626658448
Suma conjunto 7: 5547.03811863741
Suma conjunto 8: 4350.537275567661
Suma conjunto 9: 9510.391436354312
Suma conjunto 10: 584.2953020519676

Suma total : 90263.2960122614

