Centros: [23, 137, 63, 76, 60, 91, 222, 112, 216, 193]

Puntos centro 1: [23, 214, 43, 227, 123, 215, 187, 50, 205, 179, 202, 142, 234, 69, 95, 166, 128, 46, 218, 186, 219, 49, 21, 18, 79, 30, 152, 37, 145, 138]
Puntos centro 2: [137, 184, 149, 126, 220, 192, 86, 10, 114, 75, 146, 100, 229, 159, 28, 109, 206, 82, 176, 115, 2, 147, 20, 127, 212]
Puntos centro 3: [63, 182, 39, 170, 204, 185, 56, 157, 52, 217, 111, 58, 213, 196]
Puntos centro 4: [76, 80, 178, 209, 191, 11, 139, 130, 156, 153, 67, 14, 65, 210, 66, 34, 174, 31, 27, 41, 74, 13, 102, 162, 5, 59]
Puntos centro 5: [60, 199, 211, 88, 97, 16, 68, 105, 103, 135, 121, 233, 22, 106, 118, 71, 12, 42, 141, 26, 183, 64, 198, 87, 17, 32]
Puntos centro 6: [91, 194, 239, 110, 101, 177, 237, 189, 24, 132, 129, 19, 98, 89, 116, 238, 92, 140, 96]
Puntos centro 7: [222, 167, 190, 195, 160, 148, 117, 221, 107, 61, 236, 231, 54, 122, 203, 15, 7, 35, 175, 143, 57, 134]
Puntos centro 8: [112, 225, 228, 207, 70, 45, 235, 165, 113, 36, 104, 133, 40, 84, 173, 3, 164, 78]
Puntos centro 9: [216, 120, 168, 169, 55, 47, 201, 150, 171, 99, 197, 226, 208, 62, 1, 163, 161, 223, 154, 51, 230, 83, 9, 25, 72, 90, 232, 94, 6, 125, 144, 200, 188]
Puntos centro 10: [193, 224, 180, 53, 124, 172, 155, 33, 136, 48, 44, 108, 77, 8, 81, 85, 151, 131, 240, 38, 93, 29, 181, 4, 119, 73, 158]

Suma conjunto 1: 4171.444413210381
Suma conjunto 2: 6352.951162656724
Suma conjunto 3: 1810.2662682357602
Suma conjunto 4: 3123.628082366642
Suma conjunto 5: 3920.781828293451
Suma conjunto 6: 3095.845351514623
Suma conjunto 7: 2816.332046468314
Suma conjunto 8: 1967.6917784584748
Suma conjunto 9: 6177.531720733923
Suma conjunto 10: 5352.3847492091445

Suma total : 38788.85740114743

