Centros: [98, 111, 53, 227, 143, 67, 63, 235, 159, 60]

Puntos centro 1: [98, 116, 216, 132, 194, 94, 91, 239, 73, 89, 140, 9, 83, 24, 223, 226, 99, 110, 237, 92, 19, 197, 25, 129, 47, 101, 177, 238, 189]
Puntos centro 2: [111, 185, 212, 170, 213, 20, 115, 182, 10]
Puntos centro 3: [53, 172, 90, 161, 136, 49, 29, 201, 33, 163, 230, 181, 169, 48, 119, 180, 108, 81, 1, 8, 85]
Puntos centro 4: [227, 21, 142, 145, 18, 37, 46, 202, 186, 70, 232, 215, 43, 218, 69, 128, 152, 138, 123, 50, 79, 23, 205, 234, 95, 187, 214]
Puntos centro 5: [143, 35, 199, 222, 203, 195, 148, 164, 61, 87, 167, 71, 117, 175, 160, 207, 45, 173, 112, 107, 7, 12, 54, 122, 236, 231, 221, 165, 15, 190]
Puntos centro 6: [67, 65, 28, 174, 34, 171, 80, 6, 150, 188, 156, 14, 178, 74, 139, 41, 102, 51, 158, 130, 162, 66, 76, 72, 191, 210, 154, 11, 31, 96, 184, 120, 144, 125, 153, 209, 55, 5, 200, 62, 59, 168, 27, 13, 208]
Puntos centro 7: [63, 58, 196, 56, 52, 39, 134]
Puntos centro 8: [235, 36, 219, 40, 113, 3, 57, 133, 78, 84, 179, 166, 30]
Puntos centro 9: [159, 176, 220, 109, 137, 192, 127, 2, 114, 224, 86, 204, 100, 157, 75, 217, 126, 147, 32, 82, 38, 206, 149, 229, 146]
Puntos centro 10: [60, 77, 225, 22, 141, 44, 93, 88, 42, 68, 105, 198, 124, 151, 104, 103, 240, 233, 193, 106, 121, 64, 155, 26, 183, 135, 118, 228, 17, 97, 131, 211, 4, 16]

Suma conjunto 1: 4341.36860975596
Suma conjunto 2: 794.0252225406407
Suma conjunto 3: 2133.980794899662
Suma conjunto 4: 3849.3431402276965
Suma conjunto 5: 3698.1890153495747
Suma conjunto 6: 6861.74039419942
Suma conjunto 7: 695.3985233008959
Suma conjunto 8: 1660.221385900303
Suma conjunto 9: 2640.8796591320533
Suma conjunto 10: 4368.8288897925495

Suma total : 31043.975635098748

