Centros: [195, 24, 208, 77, 193, 20, 161, 120, 124, 79]

Puntos centro 1: [195, 107, 222, 235, 221, 164, 36, 148, 117, 203, 167, 133, 173, 15, 231, 207, 143, 35, 45, 61, 40, 112, 165, 57, 54, 175, 160, 7, 236, 3, 113, 122, 84]
Puntos centro 2: [24, 91, 123, 237, 95, 189, 142, 186, 202, 152, 138, 43, 218, 239, 116, 238, 194, 129, 73, 187, 18, 132, 177, 92, 98]
Puntos centro 3: [208, 200, 19, 89, 94, 110, 150, 101, 140, 197, 99]
Puntos centro 4: [77, 137, 85, 26, 217, 38, 48, 105, 151, 127, 204, 75, 51, 2, 114, 224, 86, 28, 106, 131, 56, 240, 181, 229, 100]
Puntos centro 5: [193, 68, 199, 103, 88, 198, 233, 64, 12, 87, 141, 16, 183, 121, 42, 22, 135, 118, 60, 4]
Puntos centro 6: [20, 134, 58, 220, 184, 185, 159, 170, 109, 192, 82, 52, 32, 212, 10, 126, 146, 176, 111, 115, 147, 182, 157, 206, 63, 213, 39, 149, 196]
Puntos centro 7: [161, 1, 230, 180, 53, 226, 169, 81, 108, 33, 172, 29, 223, 119, 201]
Puntos centro 8: [120, 102, 209, 66, 125, 188, 14, 41, 76, 144, 65, 130, 83, 13, 47, 162, 62, 55, 67, 178, 11, 156, 6, 59, 31, 168, 171, 90, 27, 72, 34, 5, 158, 174, 139, 210, 74, 80, 9, 96, 25, 163, 154, 153, 191, 216]
Puntos centro 9: [124, 71, 44, 190, 97, 228, 17, 93, 104, 136, 155, 211, 225, 8]
Puntos centro 10: [79, 128, 49, 37, 215, 214, 179, 30, 234, 70, 50, 145, 46, 23, 21, 205, 219, 166, 78, 232, 69, 227]

Suma conjunto 1: 4053.7594392014335
Suma conjunto 2: 3519.3383403058756
Suma conjunto 3: 1328.2203912311518
Suma conjunto 4: 3839.048655892936
Suma conjunto 5: 3062.3701196392685
Suma conjunto 6: 4777.671163205212
Suma conjunto 7: 1497.4511046810958
Suma conjunto 8: 8922.30479922993
Suma conjunto 9: 1427.8748998980404
Suma conjunto 10: 2356.9304253227724

Suma total : 34784.96933860769

