Centros: [60, 126, 175, 191, 18, 111, 25, 16, 214, 59]

Puntos centro 1: [60, 193, 183, 68, 124, 136, 8, 104, 118, 103, 44, 42, 121, 93, 97, 155, 151, 198, 135, 71, 108, 48, 180, 141, 190, 131, 64, 225, 119, 85, 4, 228, 224, 29, 77, 81, 122, 17, 240, 211, 181]
Puntos centro 2: [126, 192, 206, 229, 147, 100, 157, 176, 82, 109, 146, 2, 149, 75, 38, 217, 63, 127, 86, 159, 196, 220, 52, 32, 204, 58, 134, 55, 106, 115]
Puntos centro 3: [175, 117, 113, 203, 236, 40, 165, 160, 167, 173, 221, 143, 195, 164, 112, 57, 45, 15, 35, 54, 207, 148, 235, 3, 133, 231, 61, 107, 222, 7]
Puntos centro 4: [191, 144, 27, 153, 67, 5, 137, 13, 65, 168, 41, 62, 6, 154, 51, 102, 184, 125, 114, 96, 150, 74, 210, 76, 11, 188, 28, 14, 139, 162]
Puntos centro 5: [18, 43, 92, 187, 218, 46, 50, 132, 186, 95, 145, 138, 142, 202, 30, 36]
Puntos centro 6: [111, 213, 10, 20, 170, 182, 39, 84]
Puntos centro 7: [25, 172, 230, 99, 223, 140, 226, 90, 47, 83, 89, 98, 91, 201, 116, 73, 110, 120, 72, 194, 19, 9, 163, 1, 171, 238, 197, 208, 94, 101, 200, 216]
Puntos centro 8: [16, 12, 56, 233, 87, 22, 199, 26, 88, 105]
Puntos centro 9: [214, 219, 23, 234, 78, 69, 215, 161, 169, 123, 49, 33, 53, 232, 166, 189, 237, 239, 70, 205, 24, 177, 227, 79, 152, 37, 128, 129, 21, 179, 212]
Puntos centro 10: [59, 31, 66, 178, 130, 209, 156, 158, 80, 174, 34, 185]

Suma conjunto 1: 5644.719083382015
Suma conjunto 2: 4225.832065750935
Suma conjunto 3: 3660.5260743138047
Suma conjunto 4: 4076.3275777002395
Suma conjunto 5: 2420.935881571129
Suma conjunto 6: 1455.4328169071791
Suma conjunto 7: 4707.891600642419
Suma conjunto 8: 926.750799135357
Suma conjunto 9: 5970.602141801404
Suma conjunto 10: 1850.5994130120223

Suma total : 34939.617454216524

