Centros: [104, 169, 29, 108, 155, 17, 172, 44, 201, 174]

Puntos centro 1: [104, 199, 71, 122, 15, 165, 175, 166, 112, 234, 217, 103, 196, 52, 114, 211, 3, 140, 128, 50, 58, 176, 6, 210, 19, 27, 139, 142, 89, 66, 235, 20, 231, 9, 236, 200, 54, 10, 72, 26, 94, 121, 125, 75, 159, 232, 171, 160, 187, 202]
Puntos centro 2: [169, 208, 110, 35, 132, 46, 138, 137, 41, 31, 74, 93, 119, 124, 62, 69, 107, 13, 135, 214]
Puntos centro 3: [29, 39, 68, 183, 64, 111, 213, 146, 63, 224, 23, 11, 98, 237, 109, 151, 33, 101, 25, 182, 67, 186, 173, 229, 178, 181, 163, 238, 99, 204, 222, 226, 153, 193, 76, 207, 230, 212, 180, 57, 190, 152, 102, 129, 233, 179, 225, 206, 32, 113]
Puntos centro 4: [108, 5, 197, 144, 77, 91, 61, 219, 118, 21, 154, 59, 120, 216, 136, 56, 215, 53, 92, 221, 4, 80, 51, 228, 168, 97, 87, 131, 205, 12]
Puntos centro 5: [155, 28, 55, 116, 90, 189, 2, 195, 167, 83, 106, 141, 24, 79, 149, 38, 158, 117, 192, 147, 30, 115, 134, 130, 70, 78, 16]
Puntos centro 6: [17, 8, 45, 43]
Puntos centro 7: [172, 126, 65, 188, 22, 95, 164, 194, 37, 47, 34, 150, 81, 239, 162, 84, 148, 48, 223, 85, 133, 82, 96, 191, 177]
Puntos centro 8: [44, 1, 220, 18, 40, 143, 42, 240, 209, 161, 203, 60]
Puntos centro 9: [201, 156, 49, 170, 14, 157, 185, 127, 73, 123, 218, 227, 36, 86, 88, 145, 100, 198]
Puntos centro 10: [174, 184, 7, 105]

Suma conjunto 1: 21055.211890245268
Suma conjunto 2: 7521.804050490074
Suma conjunto 3: 19115.04270968967
Suma conjunto 4: 9914.810447978156
Suma conjunto 5: 11015.180686474236
Suma conjunto 6: 859.6834633112168
Suma conjunto 7: 9489.865313088078
Suma conjunto 8: 3888.858969783055
Suma conjunto 9: 7381.966961824631
Suma conjunto 10: 2482.903678263893

Suma total : 92725.32817114836

