Centros: [65, 193, 209, 202, 63, 101, 160, 171, 170, 84]

Puntos centro 1: [65, 156, 130, 51, 59, 14, 153, 114, 28, 191, 154, 139, 229, 67, 137, 102, 34, 210, 188, 168, 5, 2, 13, 66, 184, 96, 76]
Puntos centro 2: [193, 77, 87, 199, 211, 224, 118, 85, 106, 49, 155, 169, 97, 122, 71, 172, 4, 8, 225, 161, 201, 53, 180, 198, 12, 44, 88, 240, 64, 42, 108, 124, 33, 228, 131, 17, 136, 190, 60, 141, 48, 119, 93, 181, 103, 121, 135, 68, 151, 29, 183, 104]
Puntos centro 3: [209, 27, 158, 41, 150, 162, 31, 178, 174, 74, 11, 80]
Puntos centro 4: [202, 152, 123, 142, 24, 237, 145, 73, 132, 43, 92, 227, 138, 187, 186, 218, 50, 189, 129, 18, 46, 95, 239, 205, 177, 214]
Puntos centro 5: [63, 58, 196, 38, 52, 26, 56, 22, 204, 39, 233, 16, 105, 134]
Puntos centro 6: [101, 83, 99, 1, 230, 19, 140, 216, 110, 232, 91, 116, 226, 223, 194, 238, 98, 25, 89, 9]
Puntos centro 7: [160, 113, 54, 203, 112, 107, 195, 15, 173, 45, 222, 40, 61, 167, 221, 35, 7, 236, 165, 143, 117, 148, 231, 207, 175, 81, 125]
Puntos centro 8: [171, 62, 55, 6, 163, 47, 144, 94, 208, 90, 72, 200, 120, 197]
Puntos centro 9: [170, 127, 32, 20, 147, 157, 159, 182, 10, 192, 109, 82, 213, 86, 176, 212, 206, 149, 185, 146, 75, 126, 111, 100, 115, 217]
Puntos centro 10: [84, 3, 57, 36, 30, 133, 37, 23, 219, 70, 21, 234, 215, 166, 164, 79, 78, 235, 179, 69, 128, 220]

Suma conjunto 1: 3791.6590317323144
Suma conjunto 2: 8215.210204525189
Suma conjunto 3: 1226.2019479883716
Suma conjunto 4: 3740.541870672712
Suma conjunto 5: 2489.6457162385286
Suma conjunto 6: 2396.7872711226764
Suma conjunto 7: 4004.750301611274
Suma conjunto 8: 1239.3013609474058
Suma conjunto 9: 4846.033633421739
Suma conjunto 10: 4018.4561498599383

Suma total : 35968.58748812016

