Centros: [153, 76, 38, 51, 164, 67, 148, 93, 196, 238]

Puntos centro 1: [153, 14, 28, 102, 130, 66, 184, 34, 188, 134]
Puntos centro 2: [76, 59, 158, 31, 13, 191, 156, 178, 5, 65, 210, 96]
Puntos centro 3: [38, 68, 149, 224, 206, 220, 229, 10, 217, 52, 20, 127, 109, 204, 192, 159, 121, 115, 77, 32, 176, 82, 75, 147, 146, 157, 126, 2, 151, 100, 106, 240, 87, 12]
Puntos centro 4: [51, 163, 114, 85, 181, 90, 168, 154, 172, 29, 230, 180, 201, 137]
Puntos centro 5: [164, 70, 37, 117, 219, 215, 69, 15, 30, 133, 18, 179, 61, 222, 23, 84, 78, 236, 79, 145, 207, 112, 3, 235, 203, 160, 166, 165, 113, 57, 195, 218, 40, 231, 36, 143, 175, 221, 45, 173, 161, 86]
Puntos centro 6: [67, 41, 144, 208, 27, 62, 139, 200, 125, 209, 150, 72, 80, 162, 174, 171, 74, 11, 120, 55, 6, 9]
Puntos centro 7: [148, 54, 35, 7, 167, 107]
Puntos centro 8: [93, 141, 183, 60, 119, 234, 169, 71, 228, 104, 42, 198, 49, 53, 136, 97, 81, 122, 8, 17, 118, 211, 190, 103, 155, 44, 33, 108, 135, 225, 64, 193, 124, 199, 131, 4, 48]
Puntos centro 9: [196, 26, 212, 16, 88, 185, 111, 182, 213, 58, 39, 105, 170, 22, 56, 233, 63]
Puntos centro 10: [238, 25, 227, 91, 19, 47, 202, 226, 110, 232, 216, 21, 152, 92, 95, 197, 223, 194, 138, 128, 187, 101, 239, 177, 24, 189, 186, 89, 94, 132, 142, 140, 237, 98, 99, 43, 129, 205, 73, 83, 116, 214, 1, 50, 123, 46]

Suma conjunto 1: 1397.2261072069034
Suma conjunto 2: 1276.6450731588218
Suma conjunto 3: 5450.78846465294
Suma conjunto 4: 2009.8208231621961
Suma conjunto 5: 7641.389193736277
Suma conjunto 6: 3101.420672756546
Suma conjunto 7: 592.4441203745014
Suma conjunto 8: 4895.892662479703
Suma conjunto 9: 2910.0371516154514
Suma conjunto 10: 8816.607861781276

Suma total : 38092.2721309246

