Centros: [62, 115, 192, 61, 93, 172, 34, 121, 43, 216]

Puntos centro 1: [62, 55, 11, 67, 41, 150, 125, 94, 72, 208, 144, 162, 74, 139, 174, 6, 197, 171, 200, 209, 120]
Puntos centro 2: [115, 185, 146, 10, 20, 182, 39, 170, 212, 63, 111, 213]
Puntos centro 3: [192, 100, 157, 126, 114, 38, 147, 75, 32, 109, 206, 52, 229, 217, 149, 82, 159, 220, 176, 224, 127, 86, 2]
Puntos centro 4: [61, 236, 203, 107, 175, 231, 87, 113, 54, 57, 118, 122, 15, 207, 143, 199, 35, 133, 12, 148, 112, 195, 117, 221, 7, 167, 160, 45, 222, 71, 40]
Puntos centro 5: [93, 84, 104, 228, 225, 60, 193, 103, 44, 17, 70, 164, 78, 183, 165, 141, 8, 135, 97, 211, 49, 124, 136, 173, 155, 190]
Puntos centro 6: [172, 51, 48, 181, 230, 137, 29, 81, 108, 161, 33, 154, 169, 168, 90, 1, 128, 180, 85, 201, 119, 53]
Puntos centro 7: [34, 66, 178, 27, 5, 184, 191, 102, 14, 96, 13, 188, 28, 210, 158, 65, 80, 76, 153, 31, 130, 59, 156]
Puntos centro 8: [121, 196, 58, 64, 77, 26, 105, 88, 240, 56, 204, 233, 4, 198, 68, 106, 42, 22, 16, 131, 134, 151]
Puntos centro 9: [43, 177, 218, 142, 37, 69, 189, 215, 138, 187, 123, 234, 23, 166, 214, 152, 95, 145, 219, 132, 205, 179, 18, 202, 50, 227, 30, 79, 46, 92, 186, 36, 235, 237, 24, 21, 3]
Puntos centro 10: [216, 73, 9, 98, 116, 140, 226, 223, 47, 239, 25, 101, 194, 238, 83, 163, 19, 89, 232, 110, 99, 91, 129]

Suma conjunto 1: 2023.7004145765668
Suma conjunto 2: 1446.2836070465976
Suma conjunto 3: 2060.3821324168034
Suma conjunto 4: 4401.225570057189
Suma conjunto 5: 2907.6379424771135
Suma conjunto 6: 2493.9166101752944
Suma conjunto 7: 2992.154162288178
Suma conjunto 8: 2927.30048968574
Suma conjunto 9: 6722.540979073943
Suma conjunto 10: 2996.0924325215383

Suma total : 30971.234340318977

