Centros: [237, 6, 174, 220, 143, 1, 56, 60, 69, 78]

Puntos centro 1: [237, 92, 238, 98, 116, 24, 152, 202, 138, 189, 239, 73, 186, 177, 132, 123, 129, 194, 187, 95, 142]
Puntos centro 2: [6, 67, 153, 140, 27, 191, 55, 171, 62, 197, 139, 14, 76, 41, 94, 5, 210, 110, 65, 144, 120, 72, 13, 208, 96, 200, 125, 74]
Puntos centro 3: [174, 31, 156, 59, 150, 209, 162, 80, 158, 188, 66, 130, 178, 34]
Puntos centro 4: [220, 28, 182, 176, 100, 224, 38, 111, 147, 126, 32, 192, 184, 20, 115, 114, 82, 75, 159, 149, 2, 212, 185, 206, 127, 146, 217, 109, 229, 102, 10, 170, 157, 213, 86, 77]
Puntos centro 5: [143, 45, 203, 113, 222, 175, 54, 207, 195, 7, 112, 236, 221, 122, 15, 61, 107, 167, 148, 160, 35, 117, 190, 40, 71, 199, 231, 87, 21]
Puntos centro 6: [1, 29, 161, 91, 163, 108, 168, 53, 137, 19, 216, 226, 9, 90, 89, 154, 33, 101, 51, 172, 201, 47, 81, 230, 25, 99, 83, 223, 180]
Puntos centro 7: [56, 204, 22, 88, 134, 26, 63, 105, 233, 58, 16, 39, 12, 68, 196, 52]
Puntos centro 8: [60, 141, 135, 17, 136, 181, 193, 42, 85, 211, 131, 183, 121, 198, 4, 8, 118, 93, 151, 240, 106, 97, 119, 124, 155, 48, 103, 64, 11]
Puntos centro 9: [69, 169, 218, 18, 43, 227, 128, 79, 145, 234, 214, 30, 37, 46, 232, 50, 23, 205]
Puntos centro 10: [78, 165, 49, 225, 228, 215, 219, 44, 235, 104, 173, 164, 70, 179, 57, 36, 133, 84, 3, 166]

Suma conjunto 1: 2536.4821991280305
Suma conjunto 2: 3795.1925301604174
Suma conjunto 3: 2081.2689513192486
Suma conjunto 4: 5490.888168769624
Suma conjunto 5: 3791.955258573332
Suma conjunto 6: 4632.087151748553
Suma conjunto 7: 1988.938274947497
Suma conjunto 8: 3755.7296154769547
Suma conjunto 9: 1895.572216645463
Suma conjunto 10: 2251.4052571776188

Suma total : 32219.51962394675

