Centros: [108, 48, 126, 33, 131, 193, 8, 181, 180, 17]

Puntos centro 1: [108, 149, 65, 91, 184, 151, 28, 239, 206, 214, 89, 119, 218, 162, 66, 27, 152, 80, 32, 169, 216, 84, 37, 72, 98, 104, 156, 211, 42, 240, 168, 132]
Puntos centro 2: [48, 97, 224, 46, 190, 174, 217, 64, 2, 228, 175, 130, 4, 16, 183, 92, 112, 197, 5, 142, 59, 185, 220, 203]
Puntos centro 3: [126, 123, 178, 200, 54, 118, 196, 191, 79, 120]
Puntos centro 4: [33, 18, 136, 172, 232, 205, 50, 237, 177, 3, 223, 30, 187, 167, 173, 99, 164, 230, 105, 41, 31, 100, 135, 102, 215, 81, 63, 161, 139, 201, 231, 96, 208, 35, 23, 25, 233, 192, 106, 212]
Puntos centro 5: [131, 62, 52, 160, 58, 202, 76]
Puntos centro 6: [193, 113, 235, 69, 11, 110, 75, 60, 121, 141, 39, 140, 189, 134, 204, 101, 222, 22, 1, 122, 10, 115, 83, 14, 179, 155, 95, 213, 133, 61, 116, 125, 71, 34, 26, 219, 68]
Puntos centro 7: [8, 36, 12, 90, 166, 144, 150, 229, 186, 47, 9, 234, 157, 124, 56, 15, 221, 143, 138, 128, 78, 88, 7, 19, 103, 147, 238, 51, 6, 171, 194, 159, 20, 129, 109, 148, 163]
Puntos centro 8: [181, 82, 114, 210, 158, 127, 73, 225, 199, 165, 86, 38, 207, 107, 236, 93, 21, 145, 43, 188, 85, 227, 154, 195, 153, 13, 146, 53, 198, 209, 24, 49]
Puntos centro 9: [180, 117, 40, 137, 176, 182, 74, 94, 226, 29, 57]
Puntos centro 10: [17, 170, 87, 77, 55, 111, 45, 70, 44, 67]

Suma conjunto 1: 11805.055098069859
Suma conjunto 2: 9315.255379923474
Suma conjunto 3: 5212.329945005724
Suma conjunto 4: 14176.601523444133
Suma conjunto 5: 2768.2333149768165
Suma conjunto 6: 14427.265502016799
Suma conjunto 7: 14539.937305040656
Suma conjunto 8: 11773.456924197651
Suma conjunto 9: 4061.191112280574
Suma conjunto 10: 3363.430841699045

Suma total : 91442.75694665471

