Centros: [91, 42, 172, 184, 171, 39, 116, 203, 164, 142]

Puntos centro 1: [91, 216, 110, 98, 83, 101, 223, 9, 89, 140, 19, 226]
Puntos centro 2: [42, 199, 68, 121, 93, 86, 155, 105, 233, 127, 118, 26, 77, 141, 100, 103, 60, 87, 151, 64, 38, 240, 131, 22, 16, 217, 135, 204, 106, 159, 193, 17, 88, 183, 4, 198, 224, 124, 220]
Puntos centro 3: [172, 163, 169, 48, 230, 1, 154, 29, 51, 137, 180, 201, 53, 108, 85, 119, 128, 168, 161, 90, 181, 8, 81, 136, 33]
Puntos centro 4: [184, 192, 229, 59, 109, 28, 156, 188, 34, 5, 102, 149, 178, 66, 13, 210, 75, 2, 14, 82, 32, 153, 176, 206, 114, 130]
Puntos centro 5: [171, 25, 27, 55, 174, 41, 158, 67, 150, 62, 197, 209, 6, 200, 144, 47, 162, 191, 76, 74, 99, 208, 11, 125, 31, 139, 80, 120, 94, 72, 96, 65]
Puntos centro 6: [39, 170, 196, 147, 126, 20, 115, 212, 146, 182, 52, 63, 134, 10, 58, 213, 157, 185, 111, 56]
Puntos centro 7: [116, 238, 239, 232, 205, 189, 129, 152, 227, 24, 21, 214, 73, 194]
Puntos centro 8: [203, 35, 61, 7, 231, 222, 195, 236, 107, 148, 167, 175, 12, 221, 54, 122, 160, 71, 15, 143]
Puntos centro 9: [164, 36, 179, 40, 37, 211, 165, 112, 97, 78, 104, 215, 225, 235, 228, 69, 207, 117, 3, 23, 190, 234, 45, 57, 173, 70, 30, 84, 219, 113, 166, 79, 44, 133, 49]
Puntos centro 10: [142, 202, 46, 237, 132, 187, 177, 43, 218, 92, 138, 50, 95, 123, 145, 186, 18]

Suma conjunto 1: 1009.5773298483641
Suma conjunto 2: 5837.958645769865
Suma conjunto 3: 2985.5288944003264
Suma conjunto 4: 5488.482819400645
Suma conjunto 5: 5235.776284109134
Suma conjunto 6: 3167.1753650251026
Suma conjunto 7: 2054.1776873726135
Suma conjunto 8: 2128.141809803291
Suma conjunto 9: 5196.9114303625265
Suma conjunto 10: 2566.2283582551386

Suma total : 35669.958624347

