Centros: [221, 142, 210, 192, 207, 155, 72, 196, 42, 37]

Puntos centro 1: [221, 71, 88, 87, 143, 61, 167, 12, 199, 7, 15, 118, 203, 236, 92, 189]
Puntos centro 2: [142, 202, 89, 223, 129, 24, 237, 98, 91, 132, 152, 73, 116, 194, 239, 186, 95, 232, 226, 177, 123, 187, 138, 238, 80, 214]
Puntos centro 3: [210, 51, 5, 90, 66, 34, 156, 67, 13, 76, 184, 14, 130, 139, 31, 230, 1, 102, 163, 168, 154, 28, 96, 153, 191, 55, 59, 114, 178, 65, 188, 27, 137, 19]
Puntos centro 4: [192, 109, 126, 115, 180, 220, 82, 2, 77, 10, 181, 20, 159, 157, 75, 32, 229, 85, 149, 127, 147, 146, 217, 86, 38, 204, 224, 176, 151, 100, 122]
Puntos centro 5: [207, 133, 222, 54, 40, 148, 231, 57, 45, 175, 173, 112, 195, 35, 107, 117, 160, 164, 165, 113, 206]
Puntos centro 6: [155, 136, 183, 104, 8, 97, 53, 225, 93, 211, 169, 124, 33, 81, 141, 228, 17, 190, 119, 44, 161, 63]
Puntos centro 7: [72, 101, 83, 158, 110, 208, 216, 47, 171, 209, 74, 99, 150, 125, 197, 41, 144, 174, 200, 6, 25, 140, 162, 120, 62, 9, 94, 39]
Puntos centro 8: [196, 111, 185, 213, 58, 233, 212, 26, 52, 16, 170, 56, 182, 22, 134]
Puntos centro 9: [42, 4, 106, 131, 135, 48, 103, 121, 193, 68, 172, 29, 198, 105, 240, 201, 64, 60, 108, 11]
Puntos centro 10: [37, 18, 30, 215, 36, 50, 179, 78, 69, 219, 46, 3, 70, 234, 23, 21, 235, 79, 205, 227, 145, 49, 128, 84, 43, 166, 218]

Suma conjunto 1: 2997.2080724461207
Suma conjunto 2: 6139.155115591141
Suma conjunto 3: 5744.105341576391
Suma conjunto 4: 4288.8773601835455
Suma conjunto 5: 2602.3533002761997
Suma conjunto 6: 2858.0399354202423
Suma conjunto 7: 4429.591956338362
Suma conjunto 8: 2451.9840085968135
Suma conjunto 9: 2887.1958237133094
Suma conjunto 10: 3527.8636763584705

Suma total : 37926.374590500585

