Centros: [40, 164, 170, 218, 224, 68, 15, 89, 191, 53]

Puntos centro 1: [40, 57, 195, 107]
Puntos centro 2: [164, 3, 207, 160, 36, 165, 173, 179, 166, 133, 70, 228, 225, 235, 84, 45, 78, 113, 219, 69, 175, 17, 163, 223]
Puntos centro 3: [170, 147, 63, 157, 182, 115, 56, 146, 185, 20, 111, 134, 212, 196, 58, 39, 10, 213, 204, 52]
Puntos centro 4: [218, 214, 202, 37, 92, 142, 138, 132, 46, 79, 23, 30, 123, 18, 50, 187, 95, 145, 237, 215, 152, 43, 227, 186, 233]
Puntos centro 5: [224, 86, 240, 127, 183, 159, 85, 180, 60, 126, 100, 32, 29, 114, 176, 141, 151, 206, 51, 75, 42, 48, 109, 181, 38, 131, 77, 217, 220, 229, 149, 193, 192, 4, 2, 137, 112]
Puntos centro 6: [68, 16, 87, 26, 135, 103, 198, 199, 64, 106, 22, 105, 12]
Puntos centro 7: [15, 148, 122, 143, 61, 97, 167, 236, 71, 190, 104, 54, 222, 221, 7, 118, 203, 231, 211, 117]
Puntos centro 8: [89, 9, 238, 25, 232, 19, 83, 94, 140, 171, 200, 129, 197, 110, 24, 47, 73, 208, 98, 216, 101, 91, 189, 99, 194, 177, 116, 239, 226, 88, 121]
Puntos centro 9: [191, 125, 67, 11, 158, 59, 27, 156, 65, 41, 139, 178, 150, 82, 130, 34, 80, 209, 74, 188, 184, 13, 31, 174, 120, 76, 153, 6, 14, 168, 66, 144, 28, 5, 96, 55, 210, 62, 154, 72, 162, 102, 35]
Puntos centro 10: [53, 1, 124, 90, 49, 93, 8, 128, 108, 119, 234, 201, 81, 136, 172, 21, 205, 161, 155, 44, 230, 33, 169]

Suma conjunto 1: 299.1705178622781
Suma conjunto 2: 3626.347800437034
Suma conjunto 3: 2757.2993966013864
Suma conjunto 4: 4841.4001599637295
Suma conjunto 5: 6016.314580728276
Suma conjunto 6: 1491.189701826489
Suma conjunto 7: 2011.8789094272945
Suma conjunto 8: 5560.167350046763
Suma conjunto 9: 7578.573934718837
Suma conjunto 10: 2796.896678146955

Suma total : 36979.23902975905

