Centros: [119, 201, 173, 240, 49, 48, 136, 181, 172, 85]

Puntos centro 1: [119, 112, 101, 180, 158, 47, 228, 190, 223, 20, 82, 118, 36, 131, 135, 86, 220, 174, 214, 33, 13, 93, 215, 145, 229, 152, 44, 116]
Puntos centro 2: [201, 29, 37, 197, 128, 96, 46, 95, 144, 199, 2, 156, 84, 208, 88, 230, 154, 16, 21, 34, 6, 103, 78, 30, 142]
Puntos centro 3: [173, 92, 149, 43, 231, 177, 8, 24, 167, 222, 165, 148, 113]
Puntos centro 4: [240, 124, 60, 192, 219, 52]
Puntos centro 5: [49, 87, 107, 111, 62, 40, 164, 185, 146, 153, 94, 134, 69, 4, 205]
Puntos centro 6: [48, 31, 188, 186, 125, 138, 179, 38, 221, 105, 129, 238, 139, 7, 196, 74, 178, 10, 77, 79, 26, 183, 27, 236, 115, 3, 191, 9, 28, 168, 39, 5, 64, 175, 104, 218, 110, 109, 151]
Puntos centro 7: [136, 141, 117, 163, 89, 70, 225, 106, 150, 207, 97, 90, 55, 182, 195, 91, 12, 160, 235, 67, 35, 234, 157, 224, 176, 226, 166, 71, 121, 203, 162, 108, 155, 56, 32, 189, 206, 159, 72]
Puntos centro 8: [181, 143, 161, 233, 140, 200, 217, 209, 14, 100, 15]
Puntos centro 9: [172, 99, 169, 42, 194, 133, 68, 170, 239, 75, 41, 73, 171, 210, 53, 58, 147, 102, 18, 130, 187, 127, 193, 211, 61, 122, 132, 23, 1, 232, 11, 45, 213, 83, 76, 237, 25, 50, 63, 120, 123, 51, 184, 22]
Puntos centro 10: [85, 65, 114, 17, 66, 81, 80, 212, 198, 59, 137, 54, 204, 19, 126, 98, 227, 216, 202, 57]

Suma conjunto 1: 9241.737939339786
Suma conjunto 2: 8900.913202730015
Suma conjunto 3: 4120.78435480334
Suma conjunto 4: 1281.0875549795792
Suma conjunto 5: 6784.231423699689
Suma conjunto 6: 16013.66882476927
Suma conjunto 7: 14035.088609873765
Suma conjunto 8: 3908.1062964086454
Suma conjunto 9: 17151.982570373584
Suma conjunto 10: 7576.764705298021

Suma total : 89014.36548227571

