Centros: [143, 153, 233, 93, 137, 91, 187, 84, 20, 62]

Puntos centro 1: [143, 61, 118, 15, 231, 122, 221, 148, 203, 7, 54, 175, 222, 71, 160, 35, 236, 167, 164, 9, 27]
Puntos centro 2: [153, 28, 188, 80, 82, 5, 59, 184, 158, 66, 14, 65, 34, 11, 156, 210, 102, 31, 76, 67, 96, 130, 13, 178, 191, 194]
Puntos centro 3: [233, 106, 12, 68, 196, 88, 134, 56, 87, 22, 16, 105, 26, 58, 204, 199]
Puntos centro 4: [93, 44, 60, 135, 161, 198, 81, 240, 77, 193, 119, 141, 211, 103, 33, 104, 53, 228, 169, 64, 136, 183, 155, 17, 131, 4, 49, 97, 225, 190, 108, 121, 124, 48, 8, 42]
Puntos centro 5: [137, 75, 114, 163, 230, 86, 38, 206, 151, 192, 2, 217, 181, 85, 172, 90, 224, 180, 127, 51, 100, 229, 201, 154, 168, 21, 139, 52]
Puntos centro 6: [91, 98, 110, 232, 216, 83, 116, 19, 140, 25, 226, 73, 223, 1, 101, 238, 128, 239, 89]
Puntos centro 7: [187, 142, 50, 46, 237, 43, 227, 202, 129, 218, 214, 132, 95, 138, 24, 92, 145, 123, 186, 18, 177, 152, 189, 205, 197]
Puntos centro 8: [84, 23, 165, 79, 57, 234, 219, 195, 45, 113, 70, 215, 107, 30, 69, 78, 179, 133, 173, 3, 166, 112, 40, 37, 36, 207, 235]
Puntos centro 9: [20, 10, 212, 63, 109, 126, 157, 147, 170, 159, 213, 182, 185, 149, 39, 115, 176, 220, 111, 146, 162, 29, 117]
Puntos centro 10: [62, 72, 120, 94, 41, 125, 150, 74, 208, 174, 47, 6, 55, 209, 171, 144, 200, 99, 32]

Suma conjunto 1: 3536.086295743996
Suma conjunto 2: 4401.852318845399
Suma conjunto 3: 1873.4981720493497
Suma conjunto 4: 4875.65213984101
Suma conjunto 5: 5341.6587179398875
Suma conjunto 6: 2184.2949083765443
Suma conjunto 7: 3969.281870967578
Suma conjunto 8: 3852.0320897085203
Suma conjunto 9: 4532.512943603842
Suma conjunto 10: 2273.2912286322075

Suma total : 36840.16068570834

