Centros: [231, 17, 167, 202, 139, 119, 226, 78, 64, 147]

Puntos centro 1: [231, 199, 54, 222, 203, 207, 113, 236, 175, 112, 221, 40, 87, 122, 15, 61, 143, 195, 160, 45, 36, 181, 19, 4]
Puntos centro 2: [17, 88, 16, 165, 44, 118, 8, 173, 104, 141, 211, 228, 97, 225, 190, 93, 215, 115]
Puntos centro 3: [167, 22, 35, 12, 107, 67]
Puntos centro 4: [202, 24, 123, 79, 46, 50, 132, 142, 43, 145, 177, 18, 186, 152, 227, 92, 189, 187, 237, 30, 138, 171]
Puntos centro 5: [139, 47, 41, 158, 14, 125, 62, 174, 59, 34, 144, 178, 72, 197, 102, 210, 94, 156, 55, 31, 110, 208, 80, 6, 191, 140, 99, 153, 96, 13, 120, 168, 209, 11, 154, 5, 162, 76, 27, 130, 74, 200, 66, 65, 188, 150, 26, 23, 220, 232]
Puntos centro 6: [119, 114, 38, 86, 201, 100, 2, 224, 29, 77, 33, 53, 217, 151, 180, 172, 28, 137, 81, 131, 127, 108, 229, 48, 51, 134, 164, 95, 159, 117]
Puntos centro 7: [226, 163, 205, 169, 90, 25, 223, 9, 91, 230, 161, 89, 98, 214, 116, 73, 83, 128, 129, 239, 1, 101, 194, 238, 216, 235, 148, 240, 69]
Puntos centro 8: [78, 57, 37, 84, 3, 21, 49, 133, 179, 166, 234, 219, 7, 85, 155]
Puntos centro 9: [64, 42, 103, 106, 135, 121, 233, 68, 204, 198, 60, 183, 136, 56, 193, 105, 71]
Puntos centro 10: [147, 32, 170, 111, 126, 58, 109, 10, 192, 212, 39, 176, 196, 146, 184, 20, 206, 52, 149, 185, 182, 63, 157, 75, 82, 213, 70, 218, 124]

Suma conjunto 1: 3860.0689390253783
Suma conjunto 2: 2741.059465718199
Suma conjunto 3: 1861.1846505251751
Suma conjunto 4: 3398.6098344483053
Suma conjunto 5: 9999.844099740609
Suma conjunto 6: 6987.228459508105
Suma conjunto 7: 5975.689137441889
Suma conjunto 8: 2325.6755040648177
Suma conjunto 9: 1716.2693706105135
Suma conjunto 10: 6314.954269276688

Suma total : 45180.58373035967

