Centros: [41, 233, 231, 130, 96, 117, 193, 238, 131, 20]

Puntos centro 1: [41, 174, 55, 144, 62, 162, 47, 171, 150, 120, 74, 125, 200, 11, 72, 94, 209, 208, 197, 6, 149]
Puntos centro 2: [233, 58, 87, 56, 199, 22, 12, 196, 26, 88, 105, 16, 134]
Puntos centro 3: [231, 175, 45, 160, 113, 36, 148, 167, 61, 54, 35, 107, 195, 7, 236, 222, 207, 143, 221, 133, 112, 203, 40, 57, 235, 34]
Puntos centro 4: [130, 66, 156, 184, 59, 178, 80, 188, 31, 102, 153, 158]
Puntos centro 5: [96, 191, 28, 65, 154, 27, 139, 210, 67, 14, 51, 5, 114, 168, 163, 82, 90, 76, 69]
Puntos centro 6: [117, 166, 84, 3, 118, 173, 122, 165, 30, 190, 70, 219, 215, 44, 179, 104, 228, 164, 97, 71, 78, 211, 225]
Puntos centro 7: [193, 141, 183, 64, 198, 136, 8, 135, 106, 49, 68, 124, 103, 155, 121, 42, 93, 13]
Puntos centro 8: [238, 9, 152, 132, 189, 138, 216, 101, 128, 1, 123, 218, 79, 91, 25, 21, 83, 18, 145, 140, 226, 214, 37, 24, 98, 43, 237, 23, 187, 186, 129, 19, 194, 89, 73, 239, 223, 95, 227, 46, 99, 205, 92, 234, 142, 116, 202, 232, 50, 110, 177, 17]
Puntos centro 9: [131, 161, 172, 33, 85, 38, 86, 75, 169, 217, 220, 230, 4, 224, 204, 53, 108, 206, 127, 100, 48, 2, 81, 77, 180, 159, 240, 151, 192, 29, 181, 119, 137, 201, 229, 126, 60]
Puntos centro 10: [20, 32, 212, 170, 63, 176, 213, 10, 146, 115, 109, 39, 111, 52, 182, 147, 157, 185, 15]

Suma conjunto 1: 2831.3349750357397
Suma conjunto 2: 1370.1032686674414
Suma conjunto 3: 4027.946076524017
Suma conjunto 4: 1333.1470612481946
Suma conjunto 5: 3070.4641326300607
Suma conjunto 6: 3483.4445310440683
Suma conjunto 7: 2221.2249009564957
Suma conjunto 8: 10876.189460695537
Suma conjunto 9: 6469.673937459386
Suma conjunto 10: 2938.9641826909537

Suma total : 38622.4925269519

