Centros: [8, 166, 76, 238, 99, 48, 60, 71, 126, 129]

Puntos centro 1: [8, 155, 104, 49, 44, 53, 161, 124, 169, 1, 136, 228, 128, 81, 33]
Puntos centro 2: [166, 165, 23, 21, 215, 218, 70, 46, 173, 164, 3, 219, 145, 179, 36, 30, 18, 57, 225, 37, 78, 79, 84, 133, 43, 69, 112, 234, 113, 50, 40, 235]
Puntos centro 3: [76, 114, 6, 13, 191, 184, 14, 139, 209, 11, 51, 153, 66, 74, 102, 130, 59, 5, 41, 125, 178, 28, 67, 188, 65, 210, 80, 55, 31, 174, 34, 154, 158, 162, 150, 27, 144, 96, 168, 156]
Puntos centro 4: [238, 232, 152, 91, 98, 116, 214, 205, 239, 226, 123, 223, 227]
Puntos centro 5: [99, 62, 47, 19, 120, 94, 72, 171, 83, 9, 163, 90, 101, 208, 89, 110, 200, 140, 25, 197, 216]
Puntos centro 6: [48, 85, 108, 181, 131, 151, 180, 29, 172, 77, 240, 137, 230, 201, 119]
Puntos centro 7: [60, 17, 198, 105, 106, 4, 121, 56, 183, 93, 103, 42, 233, 26, 135, 64, 68, 141, 193]
Puntos centro 8: [71, 12, 107, 203, 167, 35, 16, 118, 97, 222, 122, 143, 195, 236, 22, 87, 199, 148, 117, 190, 221, 231, 160, 61, 211, 45, 7, 207, 15, 88, 54, 175]
Puntos centro 9: [126, 111, 217, 149, 170, 159, 52, 75, 100, 224, 58, 86, 212, 206, 20, 63, 229, 176, 115, 213, 220, 182, 185, 32, 134, 204, 146, 10, 82, 147, 192, 196, 109, 38, 39, 2, 127, 157, 95]
Puntos centro 10: [129, 132, 92, 187, 24, 73, 194, 189, 186, 142, 138, 237, 202, 177]

Suma conjunto 1: 1625.7846265761038
Suma conjunto 2: 4779.895926379905
Suma conjunto 3: 5895.190286883382
Suma conjunto 4: 1504.0944210351695
Suma conjunto 5: 2258.214093057304
Suma conjunto 6: 1392.4605011499007
Suma conjunto 7: 1833.8048022578819
Suma conjunto 8: 4968.436659605159
Suma conjunto 9: 6960.388705775793
Suma conjunto 10: 1689.718539117749

Suma total : 32907.988561838356

