Centros: [152, 203, 142, 1, 70, 16, 2, 111, 51, 125]

Puntos centro 1: [152, 19, 189, 239, 238, 43, 23, 123, 46, 202, 129, 138, 98, 116, 91, 50, 69, 218, 73, 145, 227, 214, 24, 194, 205, 18]
Puntos centro 2: [203, 222, 236, 118, 107, 190, 143, 195, 133, 7, 45, 112, 122, 207, 231, 167, 148, 15, 221, 117, 97, 40, 160, 71, 61, 35, 211, 54, 175, 57, 113]
Puntos centro 3: [142, 237, 186, 132, 187, 92, 95, 177]
Puntos centro 4: [1, 53, 108, 161, 81, 47, 25, 226, 232, 33, 83, 216, 90, 169, 89, 99, 29, 9, 172, 180, 163, 201, 119, 223, 101, 230]
Puntos centro 5: [70, 78, 128, 166, 93, 3, 79, 21, 104, 219, 136, 84, 124, 155, 173, 164, 225, 235, 44, 228, 8, 234, 37, 193, 179, 17, 30, 141, 165, 215, 49, 36, 210]
Puntos centro 6: [16, 26, 199, 106, 183, 22, 198, 103, 88, 64, 105, 196, 233, 56, 68, 60, 58, 42, 12, 87, 134, 121, 135]
Puntos centro 7: [2, 192, 32, 147, 28, 229, 100, 38, 109, 220, 126, 204, 4, 206, 77, 184, 82, 217, 86, 240, 151, 75, 127, 159, 149, 176, 224, 131]
Puntos centro 8: [111, 170, 20, 157, 115, 63, 213, 146, 10, 212, 52, 185, 39, 182]
Puntos centro 9: [51, 48, 137, 65, 85, 5, 96, 181, 102, 188, 191, 168, 14, 13, 154, 153, 114]
Puntos centro 10: [125, 156, 72, 31, 200, 208, 55, 158, 150, 62, 94, 34, 41, 209, 197, 27, 120, 80, 67, 178, 59, 110, 174, 144, 66, 11, 139, 171, 130, 140, 76, 162, 6, 74]

Suma conjunto 1: 4082.164478194766
Suma conjunto 2: 3937.5566441378
Suma conjunto 3: 447.061075888098
Suma conjunto 4: 3579.079455498567
Suma conjunto 5: 5273.648864005303
Suma conjunto 6: 3829.258535417878
Suma conjunto 7: 3948.994473414783
Suma conjunto 8: 1565.6040055298718
Suma conjunto 9: 2717.9485730088627
Suma conjunto 10: 5456.75162060558

Suma total : 34838.06772570154

