Centros: [207, 33, 170, 211, 11, 103, 186, 101, 187, 2]

Puntos centro 1: [207, 45, 173, 236, 235, 7, 61, 54, 3, 160, 84, 133, 222, 231, 179, 112, 117, 219, 165, 167, 215, 15, 175, 35, 148, 221, 78, 164, 70, 107, 40, 143, 166, 57, 203, 195, 36, 113, 71]
Puntos centro 2: [33, 81, 49, 108, 172, 205, 29, 1, 169, 201, 234, 136, 21, 90, 181, 79, 128, 119, 230, 214, 180, 8, 53, 161, 48, 223, 37, 232, 227]
Puntos centro 3: [170, 20, 182, 10, 147, 63, 146, 157, 134, 39, 213, 52, 212, 196, 185, 111, 115, 58, 9, 34]
Puntos centro 4: [211, 104, 118, 155, 122, 228, 225, 17, 190, 93]
Puntos centro 5: [11, 80, 41, 27, 156, 150, 31, 162, 62, 59, 178, 96, 158, 174, 125, 200, 67, 74, 191, 139, 6, 76, 209, 130, 66]
Puntos centro 6: [103, 4, 198, 56, 42, 16, 77, 204, 105, 233, 240, 141, 124, 12, 88, 87, 183, 26, 106, 135, 193, 68, 121, 199, 131, 64, 151, 60, 22]
Puntos centro 7: [186, 95, 142, 132, 92]
Puntos centro 8: [101, 110, 226, 140, 98, 208, 116, 94, 120, 216, 25, 47, 99, 197, 194, 171, 163, 72, 89, 91, 55, 83, 238, 144, 176]
Puntos centro 9: [187, 152, 138, 50, 24, 218, 73, 145, 123, 69, 43, 30, 237, 177, 18, 189, 129, 23, 202, 239, 46, 44, 97, 19]
Puntos centro 10: [2, 229, 217, 5, 168, 75, 210, 51, 28, 82, 38, 192, 109, 14, 224, 149, 159, 184, 32, 85, 126, 220, 153, 65, 13, 137, 86, 114, 102, 154, 127, 188, 100, 206]

Suma conjunto 1: 5397.65209939916
Suma conjunto 2: 3890.7379107399256
Suma conjunto 3: 3731.10962315909
Suma conjunto 4: 748.6710249264377
Suma conjunto 5: 2987.5028536661075
Suma conjunto 6: 3960.6260535515667
Suma conjunto 7: 157.88361651486227
Suma conjunto 8: 3776.4351554716936
Suma conjunto 9: 5049.628362255649
Suma conjunto 10: 5705.027607498807

Suma total : 35405.27430718329

