Centros: [50, 149, 96, 121, 25, 132, 59, 122, 240, 108]

Puntos centro 1: [50, 43, 79, 152, 23, 218, 235, 128, 69, 3, 234, 46, 202, 145, 30, 227, 36, 219, 18, 205, 21, 214, 179, 70, 166, 37, 123, 138, 215, 78, 184]
Puntos centro 2: [149, 192, 75, 217, 213, 127, 185, 109, 2, 157, 32, 220, 63, 206, 176, 52, 126, 146, 10, 20, 159, 182, 114, 212, 111, 115, 229, 170, 39, 147, 28, 158, 6]
Puntos centro 3: [96, 162, 27, 144, 67, 51, 139, 150, 11, 76, 41, 125, 153, 191, 65, 5, 168, 14, 62, 210, 55, 74, 154, 13, 142]
Puntos centro 4: [121, 135, 16, 196, 56, 103, 22, 58, 26, 204, 183, 105, 106, 141, 198, 60, 233, 64, 134, 68]
Puntos centro 5: [25, 94, 226, 197, 140, 171, 89, 19, 200, 91, 98, 120, 90, 1, 101, 47, 72, 232, 110, 208, 216, 223, 238, 194, 239, 99, 9, 163, 83]
Puntos centro 6: [132, 129, 95, 177, 189, 92, 186, 73, 187, 24, 237]
Puntos centro 7: [59, 34, 209, 66, 130, 102, 31, 80, 188, 156, 174, 178, 116]
Puntos centro 8: [122, 164, 221, 207, 175, 203, 148, 133, 40, 104, 17, 160, 71, 54, 143, 222, 195, 167, 112, 199, 113, 228, 12, 211, 118, 97, 155, 190, 84, 44, 107, 87, 35, 15, 236, 45, 93, 117, 225, 61, 165, 57, 88, 231, 173]
Puntos centro 9: [240, 38, 137, 86, 85, 151, 4, 131, 77, 100, 193, 224, 42]
Puntos centro 10: [108, 48, 33, 124, 136, 201, 81, 8, 29, 180, 230, 169, 181, 119, 49, 161, 172, 53, 82, 7]

Suma conjunto 1: 4999.492645093527
Suma conjunto 2: 5895.338507459878
Suma conjunto 3: 3560.450049110421
Suma conjunto 4: 2610.15142729238
Suma conjunto 5: 3985.728944207045
Suma conjunto 6: 1184.174167675635
Suma conjunto 7: 1844.3782663124762
Suma conjunto 8: 7384.773471868785
Suma conjunto 9: 1191.5560742435941
Suma conjunto 10: 2569.445016573004

Suma total : 35225.48856983673

