Centros: [136, 234, 30, 97, 56, 11, 141, 159, 189, 230]

Puntos centro 1: [136, 228, 85, 131, 108, 119, 48, 124, 44, 8, 81, 181, 79, 183]
Puntos centro 2: [234, 214, 215, 205, 37, 179, 21, 232, 227, 70, 219, 49, 69, 128, 78, 166, 95, 18]
Puntos centro 3: [30, 3, 138, 46, 145, 36, 50, 235, 218, 43, 23]
Puntos centro 4: [97, 148, 207, 117, 167, 35, 190, 113, 175, 57, 236, 164, 199, 112, 54, 122, 165, 45, 231, 61, 221, 160, 203, 107, 143, 71, 211, 87, 118, 7, 195, 222, 40, 133, 84, 173]
Puntos centro 5: [56, 106, 88, 63, 105, 39, 58, 196, 233, 212, 12, 16, 26, 68, 134, 22]
Puntos centro 6: [11, 13, 27, 66, 174, 120, 153, 150, 200, 130, 80, 188, 162, 6, 62, 171, 67, 178, 76, 144, 191, 14, 59, 102, 96, 34, 94, 74, 31, 55, 72, 208, 158, 209, 125, 41, 156, 197, 210, 65, 5, 139]
Puntos centro 7: [141, 225, 64, 198, 103, 17, 193, 42, 4, 135, 155, 60, 93, 104, 240, 121]
Puntos centro 8: [159, 75, 170, 204, 217, 115, 28, 229, 86, 100, 224, 111, 126, 182, 220, 184, 176, 77, 149, 82, 206, 20, 157, 146, 10, 192, 213, 2, 151, 109, 147, 185, 32, 114, 127, 52, 38, 15]
Puntos centro 9: [189, 202, 116, 142, 19, 237, 92, 89, 186, 73, 187, 239, 132, 24, 91, 98, 152, 177, 140, 129, 110, 194, 123, 238]
Puntos centro 10: [230, 9, 201, 168, 53, 33, 163, 90, 154, 223, 47, 29, 83, 101, 51, 180, 99, 226, 161, 1, 172, 169, 137, 216, 25]

Suma conjunto 1: 1705.1804107452374
Suma conjunto 2: 2475.008122150602
Suma conjunto 3: 1462.5816584488139
Suma conjunto 4: 6432.986890730265
Suma conjunto 5: 2124.1611551560895
Suma conjunto 6: 6360.360344742167
Suma conjunto 7: 1386.456257272775
Suma conjunto 8: 6109.041460446144
Suma conjunto 9: 3405.14768154125
Suma conjunto 10: 3701.6976192660954

Suma total : 35162.62160049943

