Centros: [34, 231, 226, 215, 169, 240, 98, 155, 191, 6]

Puntos centro 1: [34, 80, 188, 82, 66, 59, 130, 31, 178, 153, 184, 156, 102, 158]
Puntos centro 2: [231, 133, 57, 221, 107, 160, 40, 112, 7, 54, 122, 143, 87, 164, 222, 207, 167, 117, 236, 199, 148, 203, 45, 173, 35, 61, 71, 195, 113, 12, 175, 15]
Puntos centro 3: [226, 216, 101, 223, 232, 99, 9, 83, 163, 25]
Puntos centro 4: [215, 202, 21, 50, 219, 235, 79, 145, 70, 30, 218, 23, 138, 214, 43, 37, 46, 84, 36, 78, 69, 227, 179, 123, 3, 166, 18]
Puntos centro 5: [169, 172, 128, 49, 180, 29, 230, 205, 108, 234, 53, 201, 33, 119, 81, 161, 1, 38]
Puntos centro 6: [240, 182, 137, 16, 68, 64, 42, 58, 159, 77, 185, 147, 109, 170, 192, 151, 48, 100, 146, 121, 56, 213, 106, 115, 2, 32, 75, 198, 212, 10, 20, 26, 220, 206, 176, 22, 233, 52, 229, 181, 217, 126, 127, 4, 105, 157, 86, 111, 204, 224, 114, 134, 85, 149, 196, 131, 63, 39]
Puntos centro 7: [98, 116, 142, 189, 129, 24, 239, 89, 186, 95, 92, 110, 19, 152, 238, 91, 177, 73, 132, 187, 237, 194, 140]
Puntos centro 8: [155, 8, 165, 141, 193, 17, 93, 44, 88, 97, 225, 183, 104, 228, 136, 118, 135, 103, 190, 124, 60, 211]
Puntos centro 9: [191, 67, 65, 27, 13, 76, 210, 168, 51, 28, 5, 139, 11, 14, 96, 154]
Puntos centro 10: [6, 150, 47, 174, 144, 74, 197, 162, 41, 62, 200, 90, 125, 72, 120, 208, 209, 171, 94, 55]

Suma conjunto 1: 1767.8013603058896
Suma conjunto 2: 3968.4816209937444
Suma conjunto 3: 932.5282367272976
Suma conjunto 4: 3868.440679925409
Suma conjunto 5: 2162.3464962902003
Suma conjunto 6: 13934.799938299177
Suma conjunto 7: 3966.155490285123
Suma conjunto 8: 2183.511218339257
Suma conjunto 9: 1433.0219244203865
Suma conjunto 10: 2093.264821191072

Suma total : 36310.351786777544

