Centros: [25, 170, 143, 21, 75, 67, 199, 99, 81, 131]

Puntos centro 1: [25, 9, 226, 154, 98, 116, 223, 163, 83, 238, 216, 239, 47]
Puntos centro 2: [170, 10, 39, 115, 213, 20, 58, 111, 185, 52, 147, 212, 146, 196, 157, 182, 134, 63]
Puntos centro 3: [143, 84, 190, 15, 175, 225, 7, 117, 235, 54, 173, 165, 57, 113, 104, 231, 222, 195, 112, 133, 45, 148, 164, 203, 207, 160, 211, 40, 3, 35, 107, 184]
Puntos centro 4: [21, 36, 145, 142, 202, 219, 46, 186, 24, 128, 237, 37, 23, 232, 132, 92, 179, 166, 49, 218, 43, 78, 234, 215, 18, 79, 152, 227, 138, 129, 69, 50, 214, 30, 187, 70, 95, 189, 123, 177, 205]
Puntos centro 5: [75, 38, 192, 220, 206, 32, 217, 114, 100, 51, 126, 137, 127, 176, 159, 2, 28, 86, 109, 82, 229, 149]
Puntos centro 6: [67, 156, 162, 209, 27, 96, 178, 130, 14, 65, 168, 55, 144, 158, 66, 80, 102, 5, 174, 191, 62, 31, 34, 13, 59, 11, 41, 125, 139, 76, 150, 6, 188, 74]
Puntos centro 7: [199, 167, 71, 12, 118, 221, 97, 236, 16, 61, 122, 233, 88, 22, 90]
Puntos centro 8: [99, 89, 101, 208, 194, 171, 94, 73, 140, 110, 19, 120, 72, 200, 197, 91, 87]
Puntos centro 9: [81, 169, 29, 230, 1, 53, 44, 8, 161, 180, 201, 119, 33, 172, 228, 108, 136, 210, 153]
Puntos centro 10: [131, 106, 121, 77, 48, 240, 155, 135, 4, 141, 93, 151, 85, 56, 198, 60, 105, 204, 181, 68, 224, 193, 64, 183, 103, 17, 42, 26, 124]

Suma conjunto 1: 1461.217980250691
Suma conjunto 2: 2255.52071651441
Suma conjunto 3: 5738.401953818753
Suma conjunto 4: 8062.25654388658
Suma conjunto 5: 2189.6261207221396
Suma conjunto 6: 4527.414353870536
Suma conjunto 7: 2261.8025629494887
Suma conjunto 8: 2865.6874785250166
Suma conjunto 9: 2365.270762050496
Suma conjunto 10: 4055.305796769529

Suma total : 35782.50426935764

