Centros: [187, 133, 69, 6, 141, 216, 77, 129, 224, 122]

Puntos centro 1: [187, 152, 189, 239, 95, 202, 237, 186, 142]
Puntos centro 2: [133, 57, 148, 160, 45, 195, 40, 173, 3, 112, 70, 235, 36, 107, 165, 164, 175, 78, 84, 219, 207, 166, 179, 35, 113, 85]
Puntos centro 3: [69, 46, 227, 128, 43, 123, 215, 234, 37, 18, 138, 49, 50, 205, 145, 214, 21, 218, 79, 23, 30, 93, 99, 181, 232]
Puntos centro 4: [6, 62, 158, 55, 74, 13, 191, 171, 144, 67, 96, 178, 66, 31, 150, 154, 72, 168, 162, 125, 156, 200, 94, 5, 76, 209, 80, 14, 153, 120, 139, 59, 27, 130, 208, 11, 188, 65, 174, 34, 197, 210, 102, 132]
Puntos centro 5: [141, 136, 64, 183, 228, 135, 103, 193, 17, 104, 60, 68, 53, 119, 198, 33, 225, 155, 44, 81, 124, 8, 4, 177, 117]
Puntos centro 6: [216, 169, 25, 19, 161, 110, 223, 1, 90, 238, 98, 47, 226, 230, 83, 101, 163, 9, 91, 201, 89, 116, 140, 28, 194]
Puntos centro 7: [77, 108, 240, 29, 48, 172, 131, 26, 151, 105, 121, 106, 41]
Puntos centro 8: [129, 42]
Puntos centro 9: [224, 100, 111, 137, 192, 134, 185, 2, 170, 196, 114, 176, 32, 184, 39, 82, 146, 157, 63, 115, 213, 75, 182, 51, 58, 204, 206, 109, 212, 10, 126, 159, 229, 20, 217, 86, 127, 38, 220, 149, 52, 147, 180, 92, 73]
Puntos centro 10: [122, 71, 88, 15, 143, 118, 22, 54, 203, 61, 236, 97, 211, 12, 222, 16, 167, 87, 233, 221, 7, 199, 56, 190, 231, 24]

Suma conjunto 1: 724.129221718389
Suma conjunto 2: 3577.711481952676
Suma conjunto 3: 3645.74906742163
Suma conjunto 4: 8370.549362686923
Suma conjunto 5: 3573.5848705038984
Suma conjunto 6: 3601.5427728451104
Suma conjunto 7: 2000.8283291524567
Suma conjunto 8: 749.0861098698867
Suma conjunto 9: 11724.179440227126
Suma conjunto 10: 4006.8123688332244

Suma total : 41974.173025211334

