Centros: [11, 197, 20, 116, 160, 6, 159, 69, 169, 182]

Puntos centro 1: [11, 162, 178, 102, 14, 5, 27, 130, 67, 188, 80, 76, 209, 210, 34, 65, 31, 153, 41, 96, 156, 13, 191, 59, 174, 158, 66]
Puntos centro 2: [197, 200, 47, 101, 140, 110, 83, 25, 94, 216, 99, 171, 9, 208]
Puntos centro 3: [20, 32, 115, 10, 146]
Puntos centro 4: [116, 132, 177, 194, 24, 142, 237, 129, 187, 239, 186, 189, 226, 19, 73, 238, 91, 98, 89, 92, 152]
Puntos centro 5: [160, 61, 104, 195, 167, 22, 40, 203, 88, 3, 107, 173, 87, 164, 35, 17, 117, 7, 183, 207, 16, 133, 57, 225, 148, 190, 165, 235, 71, 97, 222, 211, 15, 236, 175, 221, 103, 143, 12, 54, 45, 231, 135, 122, 84, 113, 199, 112, 118]
Puntos centro 6: [6, 150, 163, 154, 139, 120, 72, 74, 125, 62, 51, 168, 90, 55, 144]
Puntos centro 7: [159, 157, 86, 64, 75, 100, 42, 28, 26, 198, 4, 184, 192, 106, 220, 229, 85, 233, 105, 240, 56, 38, 77, 224, 68, 126, 2, 151, 176, 121, 114, 204, 127, 137, 217, 149, 147, 206, 82, 52, 109]
Puntos centro 8: [69, 36, 78, 79, 18, 202, 215, 95, 219, 214, 218, 50, 23, 179, 166, 145, 43, 46, 123, 227, 30, 205, 138, 21, 37]
Puntos centro 9: [169, 131, 70, 223, 53, 48, 108, 128, 230, 124, 228, 119, 141, 193, 172, 136, 33, 93, 232, 180, 181, 60, 29, 234, 201, 44, 161, 49, 155, 81, 8, 1]
Puntos centro 10: [182, 170, 134, 39, 63, 111, 58, 196, 213, 212, 185]

Suma conjunto 1: 3681.8398057890277
Suma conjunto 2: 1371.7452976864986
Suma conjunto 3: 309.0419867200335
Suma conjunto 4: 3091.7450982907003
Suma conjunto 5: 8089.6627396246695
Suma conjunto 6: 1688.1567551866806
Suma conjunto 7: 6789.41722816542
Suma conjunto 8: 2983.686150204466
Suma conjunto 9: 4819.606554982009
Suma conjunto 10: 1251.3931646061797

Suma total : 34076.29478125568

