Centros: [99, 219, 74, 14, 221, 183, 119, 158, 126, 92]

Puntos centro 1: [99, 6, 62, 216, 25, 98, 144, 200, 91, 94, 72, 197, 19, 55, 226, 47, 120, 83, 163, 171, 208, 90, 110, 89, 154, 9, 101, 140]
Puntos centro 2: [219, 228, 218, 113, 21, 18, 78, 50, 69, 36, 37, 112, 165, 173, 215, 234, 43, 46, 57, 79, 133, 214, 205, 227, 225, 164, 3, 23, 128, 40, 179, 84, 145, 166, 235, 30, 45, 70, 26]
Puntos centro 3: [74, 41, 11, 139, 150, 162, 125, 148]
Puntos centro 4: [14, 96, 67, 210, 59, 65, 76, 188, 191, 153, 156, 184, 130, 13, 5, 66, 102, 27, 34, 168, 28]
Puntos centro 5: [221, 15, 203, 117, 71, 231, 143, 195, 175, 199, 118, 207, 87, 167, 160, 236, 16, 88, 122, 12, 35, 107, 61, 22, 222, 7, 54, 80]
Puntos centro 6: [183, 121, 155, 135, 190, 60, 97, 233, 211, 4, 198, 193, 44, 141, 42, 17, 103, 93, 64, 68, 104, 124, 51, 178]
Puntos centro 7: [119, 108, 81, 8, 136, 223, 169, 230, 131, 181, 232, 33, 172, 29, 85, 48, 137, 161, 180, 1, 53, 49, 201, 204]
Puntos centro 8: [158, 31, 209, 174]
Puntos centro 9: [126, 75, 185, 170, 82, 127, 105, 146, 206, 196, 2, 20, 63, 220, 86, 114, 192, 115, 151, 229, 111, 10, 39, 213, 182, 109, 212, 147, 32, 106, 240, 176, 58, 217, 38, 157, 52, 224, 159, 100, 134, 77, 149, 56]
Puntos centro 10: [92, 132, 152, 187, 238, 177, 189, 194, 186, 24, 73, 237, 138, 202, 123, 95, 239, 116, 129, 142]

Suma conjunto 1: 3435.3842373615844
Suma conjunto 2: 6587.522651808483
Suma conjunto 3: 1492.759526922355
Suma conjunto 4: 2206.127071568435
Suma conjunto 5: 4822.953131418596
Suma conjunto 6: 3257.6149658915456
Suma conjunto 7: 2943.3988557367848
Suma conjunto 8: 284.37679115249847
Suma conjunto 9: 7434.48696172498
Suma conjunto 10: 3324.6356005779953

Suma total : 35789.25979416325

