Centros: [74, 3, 214, 5, 1, 222, 94, 177, 211, 126]

Puntos centro 1: [74, 158, 125, 162, 209, 178, 72, 55, 62, 144, 139, 80, 31, 174, 150, 6, 120, 41, 84, 198]
Puntos centro 2: [3, 133, 36, 179, 235, 78, 40, 164, 166, 70, 219, 215, 30, 218, 9]
Puntos centro 3: [214, 50, 123, 234, 138, 79, 18, 69, 37, 43, 202, 232, 21, 128, 46, 205, 23, 49, 145, 60, 227]
Puntos centro 4: [5, 59, 65, 188, 13, 153, 114, 137, 51, 191, 76, 156, 27, 66, 184, 210, 130, 96, 168, 28, 67, 14, 154, 34, 102, 152, 124, 134]
Puntos centro 5: [1, 223, 83, 216, 33, 163, 90, 201, 25, 53, 230, 181, 108, 180, 119, 29, 161, 169, 81, 172, 48, 73, 239, 171, 11]
Puntos centro 6: [222, 45, 15, 112, 236, 231, 107, 35, 113, 160, 167, 175, 203, 195, 61, 54, 207, 7, 143, 221, 148]
Puntos centro 7: [94, 110, 101, 208, 47, 99, 197, 200, 140]
Puntos centro 8: [177, 186, 132, 238, 237, 91, 92, 116, 129, 98, 194, 142, 19, 24, 189, 95, 226, 187, 89]
Puntos centro 9: [211, 173, 87, 16, 44, 42, 68, 199, 141, 17, 4, 122, 97, 190, 103, 64, 8, 117, 71, 93, 193, 183, 12, 155, 104, 225, 22, 118, 228, 135, 136, 165, 88, 233]
Puntos centro 10: [126, 196, 176, 58, 147, 38, 111, 127, 10, 185, 106, 100, 192, 86, 224, 212, 131, 229, 39, 20, 204, 146, 151, 52, 213, 56, 240, 182, 2, 159, 82, 32, 157, 115, 206, 149, 121, 105, 85, 170, 63, 109, 220, 217, 77, 75, 26, 57]

Suma conjunto 1: 3626.0346287303946
Suma conjunto 2: 2376.4841768881815
Suma conjunto 3: 2764.3718031882454
Suma conjunto 4: 4960.293420272019
Suma conjunto 5: 4075.8007671298187
Suma conjunto 6: 1991.6472880058247
Suma conjunto 7: 946.573753131897
Suma conjunto 8: 3153.2343175838505
Suma conjunto 9: 4889.013446766442
Suma conjunto 10: 8826.21506823904

Suma total : 37609.66866993572

