Centros: [198, 25, 76, 88, 196, 44, 217, 18, 20, 222]

Puntos centro 1: [198, 26, 103, 193, 183, 106, 4, 105, 60, 131, 68, 121, 135, 42, 234, 190]
Puntos centro 2: [25, 168, 194, 55, 116, 62, 197, 19, 125, 201, 90, 238, 171, 172, 230, 83, 91, 47, 239, 6, 9, 144, 140, 180, 89, 163, 120, 232, 94, 226, 73, 216, 101, 1, 110, 99, 208, 98, 150, 223, 154, 200, 74, 72, 51]
Puntos centro 3: [76, 210, 13, 41, 178, 5, 11, 14, 66, 158, 80, 102, 27, 34, 130, 96, 59, 28, 174, 153, 191, 67, 65, 156, 184, 188, 209, 31, 139, 162]
Puntos centro 4: [88, 233, 12, 16, 22, 87, 189, 111]
Puntos centro 5: [196, 58, 134, 56, 39, 63]
Puntos centro 6: [44, 179, 211, 97, 53, 33, 3, 173, 93, 29, 165, 104, 161, 128, 141, 225, 119, 166, 235, 70, 17, 8, 84, 78, 228, 169, 164, 219, 155, 49, 108, 81, 215, 136, 124, 82, 64]
Puntos centro 7: [217, 114, 137, 229, 192, 224, 38, 100, 52, 206, 85, 181, 151, 149, 240, 77, 2, 48, 127, 109, 204, 157, 126, 220, 86, 159, 75]
Puntos centro 8: [18, 138, 92, 69, 36, 187, 186, 79, 202, 132, 24, 227, 205, 145, 129, 177, 152, 23, 214, 46, 37, 218, 142, 21, 95, 123, 50, 30, 43, 237]
Puntos centro 9: [20, 146, 182, 212, 176, 147, 32, 10, 185, 115, 170, 213]
Puntos centro 10: [222, 57, 118, 71, 143, 221, 45, 15, 35, 54, 61, 133, 148, 160, 112, 117, 7, 167, 231, 203, 113, 122, 195, 40, 236, 207, 175, 107, 199]

Suma conjunto 1: 1643.4271225102425
Suma conjunto 2: 7781.820637123919
Suma conjunto 3: 3849.5899925670124
Suma conjunto 4: 1680.8962871818087
Suma conjunto 5: 358.08913392842817
Suma conjunto 6: 6012.771652036993
Suma conjunto 7: 3508.2416163359826
Suma conjunto 8: 5438.932640929569
Suma conjunto 9: 1286.8089952041955
Suma conjunto 10: 3363.5338440717396

Suma total : 34924.11192188987

