Centros: [122, 228, 233, 162, 5, 195, 126, 9, 128, 187]

Puntos centro 1: [122, 236, 87, 71, 42, 61, 103, 64, 221, 199, 198, 135]
Puntos centro 2: [228, 44, 49, 136, 219, 190, 155, 119, 97, 108, 70, 29, 179, 93, 124, 165, 211, 166, 183, 173, 60, 8, 78, 141, 193, 104, 225, 118]
Puntos centro 3: [233, 26, 12, 196, 58, 22, 106, 134, 88, 121, 56, 68, 105, 16, 24]
Puntos centro 4: [162, 94, 208, 74, 158, 171, 209, 6, 62, 174, 31, 125, 150, 72, 200, 80, 11, 120, 178, 41, 216]
Puntos centro 5: [5, 34, 51, 153, 139, 13, 96, 76, 55, 14, 66, 156, 65, 144, 210, 168, 188, 154, 191, 28, 102, 184, 27, 137, 59, 67, 130]
Puntos centro 6: [195, 231, 164, 143, 40, 133, 117, 148, 36, 222, 45, 57, 160, 7, 112, 54, 35, 15, 3, 107, 113, 203, 84, 207, 235, 175, 167, 17]
Puntos centro 7: [126, 114, 229, 109, 224, 111, 159, 38, 85, 10, 86, 100, 63, 4, 170, 82, 217, 131, 75, 146, 149, 176, 39, 32, 2, 192, 206, 240, 220, 204, 151, 181, 20, 77, 212, 127, 185, 147, 52, 157, 115, 213, 48, 30]
Puntos centro 8: [9, 91, 223, 89, 99, 197, 101, 25, 90, 238, 83, 110, 226, 1, 140, 19, 163, 194, 98, 47, 116, 230]
Puntos centro 9: [128, 50, 205, 232, 161, 37, 180, 172, 234, 227, 33, 46, 21, 81, 23, 69, 214, 145, 215, 169, 53, 201, 79]
Puntos centro 10: [187, 186, 239, 177, 189, 92, 43, 73, 132, 95, 152, 202, 18, 129, 142, 123, 138, 237, 218, 182]

Suma conjunto 1: 1435.6954360659172
Suma conjunto 2: 3668.0155754248635
Suma conjunto 3: 2429.069026673044
Suma conjunto 4: 2720.0491955880125
Suma conjunto 5: 3271.7331317493463
Suma conjunto 6: 3301.2290095198537
Suma conjunto 7: 7770.473988897376
Suma conjunto 8: 2662.648240196434
Suma conjunto 9: 3238.788979944269
Suma conjunto 10: 3506.0797771904145

Suma total : 34003.782361249534

