Centros: [145, 202, 91, 195, 188, 119, 146, 190, 151, 67]

Puntos centro 1: [145, 43, 23, 21, 69, 30, 79, 18, 78, 218, 179, 36, 46, 227, 214, 128, 219, 215, 234, 37, 166, 50]
Puntos centro 2: [202, 132, 189, 138, 24, 205, 186, 142, 152, 92, 177, 95, 123, 187, 237]
Puntos centro 3: [91, 47, 226, 25, 99, 101, 116, 94, 232, 140, 89, 223, 83, 194, 73, 19, 216, 110, 239, 98, 238, 129, 197, 9]
Puntos centro 4: [195, 203, 222, 40, 207, 35, 133, 167, 231, 143, 113, 54, 148, 112, 7, 107, 160, 164, 235, 3, 45, 175, 57, 84]
Puntos centro 5: [188, 34, 184, 66, 102, 59, 130, 153, 14, 28]
Puntos centro 6: [119, 169, 29, 108, 180, 124, 230, 33, 90, 1, 136, 53, 163, 201, 49, 8, 161, 81, 172]
Puntos centro 7: [146, 185, 220, 126, 58, 159, 52, 229, 39, 182, 157, 32, 109, 149, 170, 134, 111, 10, 176, 212, 147, 20, 75, 82, 115, 196, 206, 213, 192, 63]
Puntos centro 8: [190, 233, 236, 117, 44, 199, 71, 155, 141, 60, 135, 118, 165, 211, 12, 97, 70, 93, 16, 122, 225, 15, 88, 173, 221, 87, 104, 103, 22, 228, 183, 61, 17]
Puntos centro 9: [151, 137, 68, 26, 121, 100, 127, 77, 224, 193, 2, 64, 131, 114, 48, 240, 204, 56, 38, 85, 86, 105, 51, 42, 106, 4, 198, 217, 181]
Puntos centro 10: [67, 210, 139, 55, 31, 162, 120, 11, 168, 74, 5, 144, 72, 41, 208, 156, 62, 13, 27, 65, 200, 178, 174, 154, 76, 158, 171, 96, 209, 6, 80, 150, 191, 125]

Suma conjunto 1: 2630.3086965879615
Suma conjunto 2: 2029.9929002442561
Suma conjunto 3: 2839.8599063237157
Suma conjunto 4: 2580.9837522421512
Suma conjunto 5: 819.1020360931806
Suma conjunto 6: 1972.1343918258187
Suma conjunto 7: 5037.691558646295
Suma conjunto 8: 4517.477393105187
Suma conjunto 9: 4214.907217699959
Suma conjunto 10: 4610.219412154432

Suma total : 31252.677264922942

