Centros: [197, 196, 50, 8, 187, 135, 188, 149, 158, 231]

Puntos centro 1: [197, 55, 110, 47, 62, 125, 171, 74, 98, 223, 94, 144, 41, 150, 208, 9, 25, 163, 162, 140, 83, 154, 200, 99, 90, 216, 72, 19, 101, 120, 91, 6, 194, 226, 89]
Puntos centro 2: [196, 22, 170, 212, 105, 63, 52, 26, 134, 58, 39, 182, 204, 16, 233, 111, 185, 56]
Puntos centro 3: [50, 166, 145, 128, 37, 138, 69, 79, 18, 21, 214, 30, 218, 205, 23, 215, 43, 46, 123, 232, 179, 219, 227, 36]
Puntos centro 4: [8, 225, 124, 230, 234, 180, 172, 81, 70, 48, 119, 78, 108, 104, 201, 33, 1, 228, 155, 29, 85, 181, 44, 169, 53, 49, 136, 161]
Puntos centro 5: [187, 24, 92, 202, 152, 186, 132, 73, 189, 238, 177, 95, 129, 116, 142, 239, 237]
Puntos centro 6: [135, 131, 121, 97, 42, 88, 68, 199, 71, 4, 198, 103, 151, 60, 12, 240, 64, 93, 141, 106, 118, 183, 17, 77, 193, 211, 87]
Puntos centro 7: [188, 34, 191, 210, 14, 67, 130, 66, 102, 65, 51, 28, 27, 168, 5, 76, 13, 59, 184, 156, 96, 139, 153]
Puntos centro 8: [149, 220, 109, 86, 75, 159, 10, 38, 137, 126, 127, 114, 229, 157, 217, 213, 147, 206, 176, 20, 115, 100, 2, 82, 146, 32, 192, 224]
Puntos centro 9: [158, 31, 11, 80, 209, 174, 178]
Puntos centro 10: [231, 195, 173, 54, 113, 133, 221, 203, 84, 7, 143, 207, 148, 122, 112, 15, 165, 40, 175, 235, 3, 117, 57, 160, 45, 35, 61, 167, 164, 222, 107, 190, 236]

Suma conjunto 1: 5210.569911456543
Suma conjunto 2: 2703.9786695038074
Suma conjunto 3: 2853.875773949535
Suma conjunto 4: 3833.127384896826
Suma conjunto 5: 1868.4164067400818
Suma conjunto 6: 3012.956983370983
Suma conjunto 7: 2967.2846925186723
Suma conjunto 8: 3223.9188438222236
Suma conjunto 9: 566.9448720505138
Suma conjunto 10: 3978.7643371690087

Suma total : 30219.837875478184

