Centros: [54, 239, 112, 120, 113, 28, 70, 170, 127, 27]

Puntos centro 1: [54, 167, 35, 148, 231, 221, 88, 175, 22, 16, 203, 236, 87, 7, 12, 107, 15, 71, 122, 222, 61, 199, 143, 118]
Puntos centro 2: [239, 91, 110, 95, 116, 92, 129, 189, 142, 226, 73, 237, 202, 186, 194, 152, 177, 101, 238, 132, 187, 140, 223, 89, 24, 98, 123, 19, 232, 198, 159]
Puntos centro 3: [112, 160, 165, 45, 164, 3, 84, 211, 97, 173]
Puntos centro 4: [120, 90, 55, 197, 47, 163, 6, 99, 1, 25, 83, 230, 144, 9, 208, 74, 171, 154, 200, 150, 216, 72, 62, 125, 188]
Puntos centro 5: [113, 36, 235, 207, 133, 195, 57, 115]
Puntos centro 6: [28, 114, 153, 210, 82, 168, 184, 51, 137, 102, 94, 190]
Puntos centro 7: [70, 124, 8, 179, 30, 103, 141, 234, 50, 145, 128, 79, 205, 136, 135, 60, 155, 37, 227, 53, 104, 219, 214, 215, 225, 166, 17, 138, 21, 169, 119, 108, 183, 78, 33, 44, 49, 228, 81, 46, 23, 18, 43, 161, 218, 172, 201, 193, 93, 69]
Puntos centro 8: [170, 56, 233, 20, 111, 196, 157, 39, 182, 52, 146, 213, 185, 63, 10, 212, 58, 134, 117]
Puntos centro 9: [127, 86, 151, 4, 217, 100, 77, 180, 106, 206, 192, 48, 126, 181, 32, 121, 240, 64, 147, 26, 42, 131, 75, 224, 109, 85, 229, 38, 204, 29, 220, 2, 176, 149, 105, 68, 40]
Puntos centro 10: [27, 31, 139, 96, 41, 66, 191, 11, 34, 65, 158, 130, 76, 14, 209, 80, 67, 174, 156, 5, 162, 59, 13, 178]

Suma conjunto 1: 3987.3923638909782
Suma conjunto 2: 5940.630392649417
Suma conjunto 3: 896.938721208352
Suma conjunto 4: 3446.400207884453
Suma conjunto 5: 1439.918896187331
Suma conjunto 6: 2482.074452026184
Suma conjunto 7: 9952.612593190126
Suma conjunto 8: 3267.2886328902932
Suma conjunto 9: 6564.723200187077
Suma conjunto 10: 2754.7580538927723

Suma total : 40732.73751400692

