Centros: [138, 81, 79, 93, 137, 27, 36, 87, 176, 99]

Puntos centro 1: [138, 189, 187, 46, 129, 142, 177, 24, 186, 18, 92, 237, 218, 95, 132, 202, 123, 152, 43]
Puntos centro 2: [81, 8, 161, 169, 181, 29, 230, 172, 33, 53, 48, 108, 136, 180, 1, 49, 232, 201, 52]
Puntos centro 3: [79, 21, 214, 215, 128, 70, 78, 179, 50, 37, 234, 23, 227, 145, 69, 205, 195]
Puntos centro 4: [93, 135, 211, 121, 173, 117, 64, 164, 4, 165, 222, 15, 77, 155, 198, 240, 190, 106, 122, 228, 118, 71, 225, 183, 42, 44, 45, 60, 103, 124, 141, 97, 231, 193, 104, 131, 17, 119]
Puntos centro 5: [137, 229, 168, 86, 151, 13, 184, 100, 2, 210, 51, 85, 154, 224, 28, 160]
Puntos centro 6: [27, 188, 34, 11, 74, 130, 67, 66, 65, 139, 41, 209, 191, 153, 5, 31, 96, 59, 76, 80, 102, 174, 156, 158, 162, 178, 14, 150, 114]
Puntos centro 7: [36, 133, 107, 235, 112, 175, 30, 113, 207, 84, 3, 166, 57, 219, 40]
Puntos centro 8: [87, 196, 12, 134, 148, 61, 167, 88, 233, 56, 143, 54, 16, 236, 105, 58, 7, 22, 221, 199, 26, 68, 35, 203]
Puntos centro 9: [176, 10, 220, 115, 204, 63, 127, 192, 39, 213, 212, 20, 82, 159, 126, 109, 206, 217, 149, 146, 32, 182, 38, 147, 170, 157, 75, 185]
Puntos centro 10: [99, 47, 72, 238, 55, 110, 90, 120, 25, 144, 73, 200, 98, 89, 125, 223, 101, 140, 226, 163, 6, 197, 216, 9, 116, 62, 19, 171, 91, 94, 239, 194, 208, 83, 111]

Suma conjunto 1: 2793.713895417799
Suma conjunto 2: 2152.6215911796244
Suma conjunto 3: 1788.1346510371677
Suma conjunto 4: 5082.808339904027
Suma conjunto 5: 2910.800943585019
Suma conjunto 6: 3804.5871334008457
Suma conjunto 7: 2395.499927280944
Suma conjunto 8: 4385.681549418945
Suma conjunto 9: 4458.1228536566905
Suma conjunto 10: 5717.220282986101

Suma total : 35489.191167867175

