Centros: [70, 27, 129, 159, 135, 104, 193, 32, 33, 26]

Puntos centro 1: [70, 57, 78, 215, 79, 179, 49, 50, 46, 69, 84, 43, 30, 36, 23, 3, 145, 133, 166, 235, 234, 227, 40, 37, 18, 219, 21]
Puntos centro 2: [27, 11, 13, 6, 153, 59, 178, 74, 34, 76, 47, 208, 5, 125, 31, 158, 154, 65, 80, 191, 96, 150, 67, 209, 14, 139, 162, 168, 197, 174, 120, 62, 55, 171, 99, 200, 210, 156, 94, 102, 66, 130, 41, 144, 72, 105]
Puntos centro 3: [129, 226, 152, 202, 238, 89, 24, 123, 237, 218, 177, 239, 189, 101, 142, 116, 92, 19, 186, 140, 98, 194, 132, 110, 138, 95, 91, 73, 187, 176]
Puntos centro 4: [159, 212, 127, 182, 224, 20, 100, 86, 111, 10, 157, 147, 217, 115, 170, 38, 192, 52, 213, 126, 185, 12, 16, 184]
Puntos centro 5: [135, 122, 103, 60, 199, 64, 183, 42, 118, 87, 141, 198, 71, 221, 45]
Puntos centro 6: [104, 211, 44, 222, 54, 190, 93, 164, 117, 112, 167, 17, 236, 165, 231, 195, 7, 35, 160, 225, 148, 143, 61, 155, 228, 173, 175, 113, 107, 15, 97, 207, 214, 206]
Puntos centro 7: [193, 4, 77, 131, 151, 48, 240, 181, 124, 85, 229, 220]
Puntos centro 8: [32, 2, 109, 75, 51, 149, 114, 82, 137, 28, 146, 188]
Puntos centro 9: [33, 169, 180, 232, 83, 223, 25, 29, 201, 9, 161, 1, 205, 136, 8, 172, 128, 163, 230, 216, 90, 81, 119, 53, 108]
Puntos centro 10: [26, 63, 58, 106, 233, 39, 68, 204, 134, 22, 88, 56, 121, 196, 203]

Suma conjunto 1: 4836.689209823241
Suma conjunto 2: 7837.1925255432
Suma conjunto 3: 5831.5364070558835
Suma conjunto 4: 4426.645437966455
Suma conjunto 5: 1556.1413121579676
Suma conjunto 6: 6344.154112120244
Suma conjunto 7: 1852.837514389921
Suma conjunto 8: 2139.8307049307978
Suma conjunto 9: 3366.438099868701
Suma conjunto 10: 2176.2423337606824

Suma total : 40367.70765761708

