Centros: [220, 210, 195, 150, 8, 134, 32, 142, 200, 64]

Puntos centro 1: [220, 217, 192, 38, 126, 86, 127, 147, 100, 159, 75, 206, 229, 224, 20, 2, 109]
Puntos centro 2: [210, 28, 34, 90, 51, 168, 102, 163, 130, 137, 76, 66, 13, 55, 114, 27, 65, 5, 153, 156, 154, 59, 188, 96, 14, 191, 67, 139]
Puntos centro 3: [195, 175, 15, 117, 231, 112, 207, 122, 235, 7, 190, 35, 167, 148, 166, 3, 221, 45, 133, 113, 173, 165, 236, 30, 143, 203, 160, 54, 222, 219, 36, 84, 107, 40, 57, 164, 61, 157, 149]
Puntos centro 4: [150, 41, 209, 11, 31, 162, 174, 80, 158, 74, 125, 178]
Puntos centro 5: [8, 179, 1, 21, 205, 108, 223, 169, 227, 53, 214, 23, 172, 230, 48, 104, 234, 33, 78, 225, 29, 124, 70, 128, 155, 232, 81, 180, 201, 161, 215, 69, 49, 228, 44, 79, 37, 119, 136, 181]
Puntos centro 6: [134, 105, 39, 16, 204, 22, 111, 63, 233, 26, 185, 182, 56, 212, 170, 58, 196, 52]
Puntos centro 7: [32, 115, 184, 10, 146, 213, 82]
Puntos centro 8: [142, 123, 239, 138, 194, 95, 152, 73, 46, 145, 202, 237, 129, 186, 132, 18, 238, 43, 92, 50, 116, 24, 177, 218, 189, 187]
Puntos centro 9: [200, 94, 99, 171, 72, 110, 140, 19, 144, 226, 101, 120, 62, 89, 9, 25, 47, 208, 6, 98, 197, 83, 216, 91]
Puntos centro 10: [64, 12, 183, 103, 93, 77, 240, 85, 193, 135, 211, 118, 60, 42, 106, 71, 121, 151, 4, 198, 68, 97, 131, 141, 199, 17, 88, 87, 176]

Suma conjunto 1: 1397.4389554946747
Suma conjunto 2: 3797.3316983125333
Suma conjunto 3: 6440.174051081783
Suma conjunto 4: 1625.046537078974
Suma conjunto 5: 6863.434249929649
Suma conjunto 6: 2719.7998055947696
Suma conjunto 7: 961.6461745648347
Suma conjunto 8: 4505.963677318931
Suma conjunto 9: 4246.879068121967
Suma conjunto 10: 3697.6467029966548

Suma total : 36255.36092049476

