Centros: [198, 143, 128, 193, 140, 188, 72, 107, 100, 64]

Puntos centro 1: [198, 134, 105, 26, 22, 42, 196, 121, 68, 199, 16, 106, 233, 87, 56, 58, 88]
Puntos centro 2: [143, 175, 207, 7, 190, 203, 221, 71, 164, 12, 222, 173, 133, 160, 61, 231, 165, 45, 167, 15, 117, 122, 236, 112, 97, 113, 54, 195, 84]
Puntos centro 3: [128, 53, 78, 202, 123, 1, 18, 234, 187, 50, 145, 215, 95, 227, 21, 152, 169, 232, 201, 161, 49, 214, 70, 142, 186, 138, 69, 166, 230, 179, 37, 23, 219, 30, 223, 237, 79, 205, 46, 33, 218, 24, 43]
Puntos centro 4: [193, 17, 108, 228, 136, 8, 131, 141, 93, 119, 155, 29, 172, 211, 225, 48, 240, 180, 4, 81, 181, 124, 44, 104]
Puntos centro 5: [140, 9, 226, 73, 132, 92, 177, 25, 216, 89, 238, 98, 194, 19, 189, 99, 110, 91, 83, 129, 116, 239, 101]
Puntos centro 6: [188, 191, 130, 102, 96, 158, 13, 76, 65, 156, 168, 27, 5, 28, 184, 66, 14, 80, 178, 59, 210, 34, 153, 31]
Puntos centro 7: [72, 139, 171, 174, 200, 67, 125, 62, 120, 144, 197, 209, 11, 41, 150, 6, 162, 90, 55, 154, 208, 47, 94, 163, 74]
Puntos centro 8: [107, 235, 35, 36, 40, 148, 3, 57]
Puntos centro 9: [100, 63, 115, 109, 185, 85, 229, 159, 151, 204, 206, 52, 217, 75, 127, 176, 213, 220, 126, 32, 86, 170, 182, 147, 224, 146, 212, 51, 20, 38, 192, 82, 77, 137, 10, 114, 39, 2, 157, 111, 149]
Puntos centro 10: [64, 135, 118, 103, 60, 183]

Suma conjunto 1: 2818.0453269971554
Suma conjunto 2: 3418.7627986877314
Suma conjunto 3: 8263.732239829616
Suma conjunto 4: 3370.1330294694094
Suma conjunto 5: 3817.0662084573214
Suma conjunto 6: 3253.2706636471503
Suma conjunto 7: 2952.556840272606
Suma conjunto 8: 1262.4703572866442
Suma conjunto 9: 7978.661199965398
Suma conjunto 10: 291.0006252175279

Suma total : 37425.699289830554

