Centros: [222, 239, 146, 44, 131, 63, 199, 20, 67, 3]

Puntos centro 1: [222, 7, 175, 54, 148, 231, 133, 173, 203, 113, 15, 195, 207, 143, 61, 45, 117, 167, 160, 164, 42]
Puntos centro 2: [239, 50, 132, 129, 90, 163, 232, 101, 152, 123, 73, 128, 1, 91, 99, 23, 47, 205, 95, 238, 223, 116, 145, 237, 9, 46, 83, 98, 140, 92, 138, 94, 187, 214, 189, 197, 21, 218, 19, 226, 186, 142, 110, 227, 43, 69, 89, 202, 194, 25, 216, 177, 79, 18, 24, 149]
Puntos centro 3: [146, 220, 75, 109, 32, 38, 206, 157, 2, 114, 82, 217, 229, 176, 86, 192, 127, 126, 147, 159, 100]
Puntos centro 4: [44, 78, 49, 161, 225, 97, 70, 165, 141, 104, 8, 93, 155, 136, 211, 228, 190, 179, 17, 234, 124, 37, 169]
Puntos centro 5: [131, 135, 103, 29, 33, 224, 230, 151, 53, 137, 106, 183, 81, 181, 240, 198, 121, 85, 119, 108, 172, 193, 77, 201, 4, 180, 48, 64]
Puntos centro 6: [63, 56, 212, 111, 39, 196, 185, 170, 52, 58, 182, 204, 134]
Puntos centro 7: [199, 22, 118, 26, 233, 236, 88, 71, 105, 122, 12, 221, 68, 16, 87]
Puntos centro 8: [20, 10, 115, 60]
Puntos centro 9: [67, 209, 51, 150, 76, 74, 171, 6, 210, 191, 28, 178, 139, 65, 102, 168, 144, 72, 13, 130, 184, 55, 156, 208, 80, 174, 59, 5, 62, 96, 120, 66, 154, 31, 200, 125, 188, 153, 41, 34, 14, 162, 158, 27, 11, 213, 112]
Puntos centro 10: [3, 40, 84, 215, 30, 235, 219, 35, 36, 107, 166, 57]

Suma conjunto 1: 2098.3407110647104
Suma conjunto 2: 12251.383605360781
Suma conjunto 3: 3412.301950013579
Suma conjunto 4: 2632.2540525442205
Suma conjunto 5: 3685.596238182759
Suma conjunto 6: 1521.9643229510034
Suma conjunto 7: 1701.0350274048815
Suma conjunto 8: 534.0962914928577
Suma conjunto 9: 8451.6976193462
Suma conjunto 10: 1637.5812146568667

Suma total : 37926.25103301785

