Centros: [240, 63, 152, 195, 201, 151, 25, 139, 155, 41]

Puntos centro 1: [240, 106, 204, 42, 26, 159, 68, 4, 121, 198, 131, 64, 217, 105, 77, 38, 126]
Puntos centro 2: [63, 233, 196, 213, 56, 111, 212, 16, 182, 58, 39, 146, 32, 176, 147, 20, 52, 115, 170, 134, 157, 10, 22]
Puntos centro 3: [152, 92, 214, 116, 79, 202, 138, 73, 18, 205, 187, 50, 177, 132, 189, 186, 239, 24, 218, 238, 142, 46, 227, 69, 43, 21, 95, 123, 129, 23, 237, 37, 194, 30, 145, 216]
Puntos centro 4: [195, 35, 45, 236, 3, 203, 235, 219, 166, 15, 222, 36, 167, 40, 78, 173, 113, 7, 148, 164, 207, 112, 175, 133, 179, 117, 54, 57, 231, 84, 160, 221, 215, 61, 107, 143]
Puntos centro 5: [201, 169, 128, 33, 230, 161, 172, 29, 81, 108, 180, 119, 53, 51, 1]
Puntos centro 6: [151, 114, 82, 181, 137, 206, 85, 75, 2, 192, 224, 220, 229, 48, 149, 127, 109, 100, 86]
Puntos centro 7: [25, 140, 89, 197, 9, 171, 99, 47, 83, 101, 232, 223, 226, 90, 98, 163, 110, 19, 91]
Puntos centro 8: [139, 144, 55, 67, 102, 191, 27, 153, 76, 66, 28, 5, 34, 59, 14, 96, 13, 210, 65, 130, 168, 154, 188, 184]
Puntos centro 9: [155, 88, 49, 70, 225, 136, 12, 93, 234, 124, 199, 87, 97, 183, 190, 103, 17, 118, 104, 8, 44, 141, 60, 211, 71, 122, 228, 165, 193, 135, 185]
Puntos centro 10: [41, 94, 158, 11, 156, 31, 62, 178, 150, 162, 174, 209, 125, 6, 72, 208, 80, 120, 74, 200]

Suma conjunto 1: 2188.5579210988635
Suma conjunto 2: 4068.5986533007936
Suma conjunto 3: 6009.596564247216
Suma conjunto 4: 4896.690867200181
Suma conjunto 5: 1358.79307263314
Suma conjunto 6: 3211.8989796482783
Suma conjunto 7: 2125.2348673431043
Suma conjunto 8: 3671.243732524697
Suma conjunto 9: 4632.726594656066
Suma conjunto 10: 2512.087641062918

Suma total : 34675.42889371525

