Centros: [189, 37, 11, 86, 108, 147, 198, 90, 167, 163]

Puntos centro 1: [189, 92, 24, 142, 123, 239, 89, 138, 202, 132, 91, 194, 110, 238, 19, 237, 152, 177, 73, 116, 187, 186, 98, 129, 95]
Puntos centro 2: [37, 79, 145, 179, 23, 215, 84, 18, 234, 3, 21, 205, 128, 69, 232, 46, 50, 78, 214, 36, 218, 166, 70, 49, 219, 227, 30, 43, 235, 225]
Puntos centro 3: [11, 67, 208, 66, 80, 74, 96, 62, 174, 178, 130, 200, 162, 34, 102, 188, 27, 59, 156, 94, 153, 72, 5, 125, 191, 150, 14, 41, 139, 76, 158, 31, 13, 210, 120, 209, 65, 6]
Puntos centro 4: [86, 52, 77, 127, 224, 159, 151, 204, 114, 38, 240, 217, 100]
Puntos centro 5: [108, 136, 33, 53, 8, 228, 119, 48, 169, 230, 131, 181, 85, 180, 161, 81, 44, 172, 201, 29, 124]
Puntos centro 6: [147, 192, 28, 176, 82, 75, 63, 39, 20, 229, 32, 109, 206, 184, 213, 126, 212, 220, 157, 149, 185, 182, 170, 146, 111, 2, 10, 115]
Puntos centro 7: [198, 155, 233, 121, 118, 103, 64, 93, 60, 56, 134, 16, 135, 193, 68, 88, 211, 42, 105, 196, 97, 17, 22, 106, 4, 58, 183, 104, 26, 141]
Puntos centro 8: [90, 144, 168, 154, 137, 51, 55]
Puntos centro 9: [167, 164, 35, 143, 113, 107, 207, 190, 231, 12, 7, 117, 173, 45, 15, 199, 148, 122, 175, 203, 57, 87, 54, 71, 40, 236, 160, 221, 222, 133, 112, 165, 195, 61]
Puntos centro 10: [163, 223, 99, 226, 216, 9, 47, 101, 25, 171, 1, 83, 197, 140]

Suma conjunto 1: 3488.3414427851394
Suma conjunto 2: 4083.903515914165
Suma conjunto 3: 5515.784113862724
Suma conjunto 4: 1210.614004083165
Suma conjunto 5: 2071.8381123099034
Suma conjunto 6: 4269.5746688187255
Suma conjunto 7: 4129.32490623786
Suma conjunto 8: 813.7283579824841
Suma conjunto 9: 5653.966180565885
Suma conjunto 10: 2009.365421566205

Suma total : 33246.440724126245

