Centros: [147, 101, 121, 78, 237, 230, 67, 143, 123, 145]

Puntos centro 1: [147, 229, 170, 182, 63, 192, 213, 157, 212, 52, 20, 149, 82, 32, 159, 111, 176, 196, 10, 39, 206, 185, 146, 126, 58, 115, 220, 93]
Puntos centro 2: [101, 226, 91, 25, 197, 89, 98, 232, 171, 47, 9, 83, 238, 216, 208, 116, 194, 110, 163, 140, 223, 19, 99, 94]
Puntos centro 3: [121, 2, 68, 224, 135, 42, 56, 64, 131, 134, 16, 240, 103, 183, 88, 217, 204, 100, 141, 77, 193, 106, 75, 38, 60, 151, 127, 4, 124, 198, 26, 105, 86, 22, 233]
Puntos centro 4: [78, 40, 179, 225, 235, 36, 173, 165, 164, 112, 113, 215, 37, 104, 228, 155, 133, 219, 3, 84, 234, 70, 44, 57, 49, 166]
Puntos centro 5: [237, 177, 92, 187, 186, 73, 129, 132, 95, 142, 189]
Puntos centro 6: [230, 114, 81, 180, 119, 181, 108, 29, 48, 161, 172, 33, 137, 1, 90, 154, 169, 8, 136, 201, 53, 85, 51, 175]
Puntos centro 7: [67, 200, 184, 55, 144, 120, 188, 130, 6, 66, 62, 80, 13, 125, 41, 5, 174, 28, 158, 178, 74, 31, 139, 72, 102, 34, 27, 153, 150, 168, 162, 14, 191, 96, 76, 11, 59, 209, 65, 210, 156]
Puntos centro 8: [143, 203, 148, 190, 231, 199, 35, 236, 122, 167, 211, 54, 87, 97, 222, 45, 15, 195, 7, 71, 118, 207, 221, 12, 17, 107, 61, 160, 117, 109]
Puntos centro 9: [123, 202, 152, 24, 227, 214, 205, 239, 138, 128]
Puntos centro 10: [145, 46, 21, 23, 50, 79, 30, 18, 218, 43, 69]

Suma conjunto 1: 4677.4118990793
Suma conjunto 2: 2761.816386810302
Suma conjunto 3: 5227.949928383825
Suma conjunto 4: 3351.0311368745333
Suma conjunto 5: 948.5838551204334
Suma conjunto 6: 3693.6649489791935
Suma conjunto 7: 5966.48290534832
Suma conjunto 8: 4245.940426606956
Suma conjunto 9: 1058.4514451728203
Suma conjunto 10: 773.3759410332459

Suma total : 32704.708873408938

