Centros: [156, 103, 180, 21, 60, 195, 166, 205, 1, 220]

Puntos centro 1: [156, 191, 210, 11, 6, 162, 94, 130, 102, 125, 120, 41, 188, 144, 96, 158, 178, 5, 200, 31, 59, 139, 67, 80, 153, 62, 72, 55, 27, 66, 14, 209, 208, 150, 76, 174, 13, 74, 34, 65]
Puntos centro 2: [103, 12, 16, 190, 134, 121, 198, 196, 71, 233, 199, 88, 122, 97, 17, 105, 87, 26, 106, 58, 22, 68, 135, 183, 118, 211, 64, 56]
Puntos centro 3: [180, 137, 51, 168, 151, 85, 136, 119, 108, 29, 154, 48, 181]
Puntos centro 4: [21, 18, 37, 128, 218, 50, 49, 79, 227, 69, 43, 145, 23, 234, 138, 46]
Puntos centro 5: [60, 131, 141, 77, 240, 4, 155, 193, 104, 42, 93, 124]
Puntos centro 6: [195, 7, 107, 236, 40, 117, 207, 45, 61, 231, 167, 221, 35, 222, 173, 148, 143, 113, 164, 112, 203, 57, 165, 175, 133, 54, 160, 15]
Puntos centro 7: [166, 36, 219, 3, 44, 30, 70, 215, 78, 84, 228, 179, 225, 235]
Puntos centro 8: [205, 89, 239, 116, 101, 223, 123, 237, 132, 202, 186, 91, 92, 73, 19, 214, 140, 110, 226, 238, 129, 98, 187, 232, 142, 152, 24, 177, 95, 189, 194]
Puntos centro 9: [1, 216, 163, 161, 47, 201, 25, 169, 81, 9, 172, 8, 99, 171, 90, 53, 197, 230, 33, 83]
Puntos centro 10: [220, 52, 32, 146, 86, 212, 75, 100, 126, 149, 111, 170, 127, 2, 185, 39, 159, 176, 114, 10, 206, 63, 229, 217, 224, 38, 157, 109, 147, 213, 115, 204, 184, 182, 192, 28, 20, 82]

Suma conjunto 1: 6848.4432719101005
Suma conjunto 2: 4506.952594823812
Suma conjunto 3: 1450.624688357807
Suma conjunto 4: 1925.720263324944
Suma conjunto 5: 1127.0714085571617
Suma conjunto 6: 3142.8964151171426
Suma conjunto 7: 1401.1887609881067
Suma conjunto 8: 7268.862016846416
Suma conjunto 9: 2841.99541295512
Suma conjunto 10: 5887.045427038897

Suma total : 36400.8002599195

