Centros: [27, 47, 123, 127, 237, 160, 20, 53, 183, 26]

Puntos centro 1: [27, 74, 209, 67, 34, 5, 188, 191, 14, 41, 153, 156, 76, 31, 11, 59, 174, 178, 66, 162, 150, 158, 102, 96, 130, 80]
Puntos centro 2: [47, 72, 168, 110, 197, 99, 94, 91, 9, 25, 171, 19, 101, 216, 210, 90, 154, 200, 55, 144, 163, 83, 208, 139, 65, 6, 125, 120, 226, 62, 13, 140, 223, 89, 128]
Puntos centro 3: [123, 227, 145, 116, 50, 69, 205, 152, 202, 239, 79, 43, 214, 218, 46, 98, 189, 24, 18, 23, 30, 73, 238, 194, 229]
Puntos centro 4: [127, 217, 224, 192, 184, 38, 86, 220, 28, 75, 151, 159, 2, 114, 137, 100, 126, 51, 206, 77]
Puntos centro 5: [237, 95, 186, 92, 187, 132, 138, 142, 129, 177]
Puntos centro 6: [160, 203, 231, 148, 235, 133, 221, 15, 36, 175, 107, 207, 164, 40, 3, 84, 236, 113, 117, 143, 167, 7, 165, 35, 195, 122, 222, 173, 57, 61, 45, 112, 54, 169, 240]
Puntos centro 7: [20, 146, 170, 52, 213, 109, 82, 63, 182, 176, 185, 10, 157, 212, 115, 32, 111, 147, 149]
Puntos centro 8: [53, 230, 136, 215, 21, 219, 49, 70, 166, 180, 161, 29, 1, 172, 81, 108, 119, 201, 232, 179, 234, 78, 48, 37, 181, 85, 8, 33]
Puntos centro 9: [183, 104, 190, 124, 17, 225, 44, 97, 228, 199, 64, 60, 71, 4, 93, 155, 211, 131, 198, 135, 118, 87, 193, 141, 42, 103]
Puntos centro 10: [26, 68, 233, 88, 106, 204, 105, 39, 12, 22, 121, 56, 196, 58, 16, 134]

Suma conjunto 1: 3273.842196965688
Suma conjunto 2: 5377.191490512445
Suma conjunto 3: 4298.068585565046
Suma conjunto 4: 2277.5367197142587
Suma conjunto 5: 917.9200412390362
Suma conjunto 6: 4849.314879488076
Suma conjunto 7: 2428.818689432992
Suma conjunto 8: 4201.37393174912
Suma conjunto 9: 2661.6100930442217
Suma conjunto 10: 1941.8809723446482

Suma total : 32227.557600055534

