Centros: [105, 159, 21, 29, 27, 156, 207, 99, 92, 20]

Puntos centro 1: [105, 87, 42, 121, 103, 64, 198, 26, 58, 60, 88, 135, 196, 134, 12, 233, 199, 56, 16, 141, 183, 68, 22, 106, 24]
Puntos centro 2: [159, 157, 192, 52, 39, 86, 204, 38, 127, 126, 220, 224, 63, 229, 100, 240, 217, 2, 75]
Puntos centro 3: [21, 166, 138, 78, 18, 205, 219, 79, 218, 50, 214, 238, 69, 239, 223, 215, 70, 232, 152, 123, 49, 46, 128, 116, 43, 202, 145, 37, 30, 23, 227, 179, 234]
Puntos centro 4: [29, 201, 53, 114, 181, 4, 85, 161, 230, 108, 81, 154, 193, 77, 169, 155, 137, 163, 136, 131, 93, 151, 168, 8, 124, 119, 90, 180, 33, 48, 1, 51, 172]
Puntos centro 5: [27, 14, 67, 5, 41, 96, 13, 174, 74, 162, 65, 191, 209, 55, 28, 11, 139, 76, 210]
Puntos centro 6: [156, 153, 188, 102, 59, 34, 66, 158, 178, 31, 184, 130, 80]
Puntos centro 7: [207, 7, 228, 231, 45, 165, 195, 54, 84, 107, 167, 236, 97, 211, 17, 117, 71, 36, 164, 133, 175, 190, 40, 143, 173, 203, 35, 104, 118, 160, 221, 235, 3, 44, 112, 225, 222, 122, 148, 113, 15, 61, 57]
Puntos centro 8: [99, 120, 47, 208, 194, 72, 98, 62, 150, 125, 200, 91, 6, 83, 101, 89, 25, 144, 19, 9, 140, 94, 226, 197, 171, 110, 216]
Puntos centro 9: [92, 187, 132, 177, 142, 189, 237, 95, 73, 186, 129]
Puntos centro 10: [20, 109, 115, 182, 10, 212, 82, 206, 32, 176, 111, 170, 213, 147, 146, 149, 185]

Suma conjunto 1: 4214.074576848856
Suma conjunto 2: 1989.1085677731128
Suma conjunto 3: 4977.795002308202
Suma conjunto 4: 4573.170635953521
Suma conjunto 5: 2080.3965133251913
Suma conjunto 6: 1499.7117313107185
Suma conjunto 7: 6049.693933345036
Suma conjunto 8: 3368.393836552285
Suma conjunto 9: 1078.8974107255326
Suma conjunto 10: 2170.9026443695

Suma total : 32002.14485251196

