Centros: [65, 109, 12, 152, 164, 208, 61, 233, 40, 131]

Puntos centro 1: [65, 90, 6, 67, 99, 25, 144, 96, 153, 188, 14, 13, 163, 137, 210, 120, 139, 171, 47, 27, 130, 154, 114, 55, 34, 76, 5, 168, 191, 162]
Puntos centro 2: [109, 176, 102, 146, 20, 184, 206, 66, 2, 32, 229, 149, 28, 82, 115, 147, 10, 220, 22]
Puntos centro 3: [12, 87, 199, 16, 51]
Puntos centro 4: [152, 21, 95, 123, 145, 226, 91, 238, 129, 223, 83, 46, 24, 89, 237, 142, 30, 18, 186, 73, 232, 69, 132, 214, 19, 138, 202, 239, 101, 205, 23, 110, 79, 189, 194, 128, 140, 50, 92, 116, 187, 9, 227, 98, 218, 177, 216, 43]
Puntos centro 5: [164, 160, 37, 84, 117, 166, 195, 215, 49, 219, 173, 3, 133, 179, 17, 44, 104, 70, 207, 112, 45, 78, 165, 234, 113, 228, 225, 175]
Puntos centro 6: [208, 11, 72, 209, 94, 125, 41, 62, 150, 59, 200, 178, 197, 80, 156, 174, 74, 158, 31]
Puntos centro 7: [61, 211, 167, 222, 15, 7, 143, 54, 190, 221, 122, 71, 118, 97, 236, 203, 231]
Puntos centro 8: [233, 39, 106, 58, 56, 134, 185, 63, 196, 105, 213, 26, 68, 52, 182, 111, 212, 170, 88]
Puntos centro 9: [40, 148, 57, 36, 235, 107, 35]
Puntos centro 10: [131, 193, 198, 204, 100, 224, 169, 151, 75, 119, 86, 136, 159, 172, 161, 155, 33, 121, 38, 4, 77, 8, 230, 1, 180, 192, 240, 124, 126, 181, 93, 53, 64, 127, 81, 135, 48, 85, 42, 183, 217, 141, 157, 201, 29, 103, 108, 60]

Suma conjunto 1: 4450.507759111753
Suma conjunto 2: 3007.4703588328143
Suma conjunto 3: 905.787198341465
Suma conjunto 4: 9124.702459195016
Suma conjunto 5: 3315.4418182452564
Suma conjunto 6: 3604.8820992948313
Suma conjunto 7: 1455.6338130648082
Suma conjunto 8: 4328.074229320387
Suma conjunto 9: 876.355932218392
Suma conjunto 10: 7807.461927244583

Suma total : 38876.31759486931

