Centros: [191, 222, 85, 215, 59, 89, 26, 155, 220, 80]

Puntos centro 1: [191, 41, 67, 74, 27, 13, 6, 14, 125, 144, 102, 5, 62, 139, 153, 76, 65, 96, 55, 237]
Puntos centro 2: [222, 61, 160, 57, 148, 143, 84, 113, 107, 164, 231, 133, 54, 122, 195, 117, 203, 45, 221, 236, 167, 112, 7, 207, 35, 40, 175, 15, 142, 124]
Puntos centro 3: [85, 77, 51, 29, 28, 154, 168, 151, 114, 48, 240, 131, 180, 181, 2, 137, 184, 210]
Puntos centro 4: [215, 179, 30, 145, 23, 166, 95, 18, 69, 219, 227, 78, 205, 234, 46, 3, 202, 235, 37, 123, 218, 21, 138, 214, 79, 36, 186, 128, 43, 50, 209]
Puntos centro 5: [59, 130, 66, 11, 162, 34, 156, 212]
Puntos centro 6: [89, 120, 132, 129, 73, 19, 187, 197, 163, 24, 1, 116, 92, 140, 91, 216, 98, 25, 226, 223, 72, 194, 94, 172, 200, 189, 101, 208, 110, 152, 83, 230, 99, 90, 232, 201, 9, 177, 239, 47, 171, 39, 188]
Puntos centro 7: [26, 111, 88, 68, 22, 199, 63, 196, 56, 12, 16, 87, 52, 105, 198, 233, 134, 64, 106, 204, 58, 121, 182, 42]
Puntos centro 8: [155, 173, 53, 44, 33, 169, 71, 119, 103, 97, 104, 165, 93, 118, 49, 70, 108, 17, 190, 8, 141, 60, 211, 135, 4, 225, 81, 228, 136, 161, 183, 193]
Puntos centro 9: [220, 32, 20, 176, 10, 86, 82, 109, 213, 100, 147, 206, 149, 192, 185, 126, 217, 146, 157, 38, 224, 229, 115, 159, 127, 170, 75, 238]
Puntos centro 10: [80, 178, 31, 174, 150, 158]

Suma conjunto 1: 2654.6065860341714
Suma conjunto 2: 4104.2296337121425
Suma conjunto 3: 2756.41884437907
Suma conjunto 4: 5862.997630676043
Suma conjunto 5: 1373.8236420512094
Suma conjunto 6: 9125.673977431217
Suma conjunto 7: 3624.1236416358865
Suma conjunto 8: 4058.880958566652
Suma conjunto 9: 3863.617435526238
Suma conjunto 10: 437.4984429416556

Suma total : 37861.870792954265

