100
3 93 83
3 17 34
6 66 72
5 1 43
5 54 90
1 45 41
5 89 55
3 26 71
2 22 7
6 19 10
6 59 50
4 18 14
4 29 44
4 48 16
6 21 84
2 90 66
4 53 95
1 68 43
1 98 87
3 8 10
1 76 93
6 67 51
3 83 22
3 9 27
5 57 89
1 68 22
4 85 47
4 81 6
5 98 32
3 55 60
1 22 69
1 23 85
2 19 50
4 15 60
3 95 69
1 28 4
3 95 83
4 35 37
5 15 34
6 58 54
5 80 5
3 29 64
6 48 79
2 83 51
5 2 34
3 16 59
3 17 42
3 20 84
1 93 65
6 35 65
4 47 11
4 68 50
5 42 13
5 26 50
1 44 80
2 73 60
1 49 29
4 87 31
1 37 53
2 5 49
6 54 36
4 100 58
5 32 76
1 74 100
2 3 46
5 4 9
1 41 87
1 62 79
1 3 1
5 99 87
4 94 95
6 97 88
1 42 97
3 90 24
6 69 76
1 96 29
6 66 21
6 77 85
1 48 72
1 70 98
5 85 59
2 31 70
6 34 16
4 76 85
5 27 72
6 99 2
3 88 2
1 80 31
6 89 14
1 52 67
1 18 60
3 5 33
5 97 51
2 18 72
6 85 72
2 30 73
2 84 26
5 99 46
2 40 67
3 41 20
32
10 93 83
11 17 34
12 66 72
11 1 43
14 54 90
14 45 41
13 89 55
13 26 71
10 22 7
11 19 10
14 59 50
10 18 14
13 29 44
13 48 16
11 21 84
10 90 66
10 53 95
10 68 43
11 98 87
11 8 10
15 76 93
13 67 51
12 83 22
13 9 27
13 57 89
12 68 22
15 85 47
14 81 6
10 98 32
13 55 60
12 22 69
15 23 85
