100
2 14 55
3 59 59
1 78 36
2 47 44
1 79 34
6 91 25
4 40 16
3 17 12
6 22 95
1 55 98
1 41 26
1 46 36
4 89 97
2 73 88
5 26 45
4 79 23
4 77 18
5 53 54
4 100 32
4 2 17
1 47 94
2 72 29
5 45 21
4 74 50
6 29 15
4 73 4
1 87 74
3 95 24
2 80 19
6 92 97
6 26 26
2 90 22
5 22 75
6 86 17
2 54 46
5 37 92
3 63 66
4 55 24
4 95 78
3 36 15
5 31 61
4 45 27
2 16 72
5 33 87
6 10 72
4 9 28
5 30 82
2 42 79
4 90 83
2 20 9
1 89 70
6 68 1
5 19 20
5 55 9
3 57 15
2 89 35
1 36 93
3 99 87
5 98 68
5 87 13
2 51 98
2 25 35
2 88 49
3 9 90
6 85 97
5 50 65
3 52 76
3 84 72
1 26 11
4 43 97
6 55 4
6 30 31
5 7 37
4 36 51
4 85 3
4 94 86
5 70 18
3 23 11
4 86 52
6 30 61
5 66 83
4 74 70
6 37 68
3 17 65
1 14 18
3 81 74
1 70 72
4 66 59
5 7 18
1 51 7
1 10 64
3 43 75
1 100 83
6 32 53
2 23 1
3 85 59
4 42 28
5 94 63
6 100 40
1 61 99
32
10 14 55
15 59 59
15 78 36
11 47 44
11 79 34
14 91 25
11 40 16
14 17 12
14 22 95
13 55 98
12 41 26
14 46 36
14 89 97
10 73 88
13 26 45
13 79 23
13 77 18
14 53 54
12 100 32
11 2 17
12 47 94
11 72 29
15 45 21
10 74 50
13 29 15
12 73 4
12 87 74
10 95 24
15 80 19
15 92 97
13 26 26
10 90 22
