100
3 96 87
3 29 42
4 45 80
3 37 57
4 53 61
3 56 2
6 98 9
5 82 8
6 17 13
2 17 78
3 47 11
1 78 32
4 14 18
2 65 35
4 69 86
5 39 2
1 70 87
3 27 22
2 15 66
6 80 24
3 28 97
3 10 49
3 79 83
6 76 95
5 49 63
1 97 81
1 86 71
2 24 94
4 20 41
6 12 83
5 84 72
4 17 47
2 26 35
2 56 99
6 38 90
2 92 33
4 93 92
6 19 94
3 63 94
3 11 83
6 88 32
5 6 71
4 60 50
2 22 3
4 73 81
1 29 76
3 69 73
5 55 16
3 32 53
1 12 85
5 35 99
5 17 24
1 45 43
6 27 93
6 74 4
1 89 66
5 22 18
1 79 82
3 82 32
5 45 15
5 35 84
5 8 25
1 91 92
5 57 65
5 81 2
1 56 61
2 22 65
2 59 100
6 7 28
3 63 76
2 79 7
4 13 77
4 66 90
1 52 94
4 92 44
6 44 69
2 68 32
3 66 15
6 56 95
3 84 84
3 39 53
4 60 63
4 3 16
3 14 8
4 63 7
3 85 86
2 100 19
4 95 32
3 9 48
2 83 28
6 59 75
3 72 83
3 70 45
6 26 58
1 46 83
1 89 43
5 34 86
5 33 94
4 70 67
4 65 100
32
15 96 87
11 29 42
15 45 80
15 37 57
13 53 61
13 56 2
12 98 9
12 82 8
10 17 13
15 17 78
12 47 11
11 78 32
11 14 18
11 65 35
11 69 86
12 39 2
13 70 87
11 27 22
13 15 66
10 80 24
10 28 97
11 10 49
14 79 83
12 76 95
11 49 63
11 97 81
13 86 71
15 24 94
14 20 41
15 12 83
13 84 72
10 17 47
