100
2 65 93
6 8 78
3 23 1
1 19 72
5 73 86
6 45 34
2 42 3
1 16 5
5 100 47
6 13 70
3 19 66
6 96 100
1 51 42
1 48 83
2 87 12
3 21 81
6 24 58
6 95 50
2 62 50
5 22 77
2 58 94
1 98 58
6 34 96
4 79 70
4 22 80
6 58 37
1 98 100
1 55 31
1 73 94
2 82 41
6 83 18
1 18 89
4 26 75
6 44 73
6 84 36
3 84 97
1 9 73
3 12 1
6 63 31
6 38 55
5 80 81
4 60 21
3 39 58
4 52 99
4 5 53
1 39 20
3 22 5
3 72 86
4 94 45
2 58 1
2 94 98
6 46 88
3 76 19
1 49 44
6 31 34
2 80 92
3 3 98
5 77 38
4 32 64
1 38 4
3 12 46
5 14 22
1 59 29
2 23 31
5 86 71
2 63 67
5 53 78
6 88 11
6 81 79
1 40 58
1 63 28
3 100 24
3 6 3
2 50 25
2 14 67
5 32 83
4 85 96
3 32 83
3 27 54
5 91 99
2 14 14
4 33 13
4 65 19
6 68 87
3 51 68
5 56 43
4 51 25
2 53 7
5 74 51
3 40 46
1 16 3
5 19 87
4 8 42
5 13 66
1 20 52
5 47 80
6 70 27
6 2 57
5 88 26
6 18 19
32
15 65 93
14 8 78
15 23 1
13 19 72
13 73 86
11 45 34
15 42 3
11 16 5
14 100 47
11 13 70
13 19 66
10 96 100
15 51 42
13 48 83
12 87 12
13 21 81
10 24 58
11 95 50
12 62 50
10 22 77
14 58 94
13 98 58
13 34 96
15 79 70
14 22 80
15 58 37
13 98 100
12 55 31
13 73 94
15 82 41
12 83 18
12 18 89
