100
2 75 11
3 20 13
2 62 18
4 41 48
2 55 92
1 71 88
2 57 12
1 90 68
6 82 100
3 48 61
4 88 30
4 68 46
3 21 7
3 68 31
1 28 25
5 99 86
6 86 17
3 80 53
5 66 34
5 59 3
2 49 45
2 6 27
1 16 71
4 58 22
1 53 23
4 74 100
3 39 91
3 31 29
2 74 58
3 2 48
5 64 84
6 27 68
5 38 17
6 13 41
3 48 19
4 49 73
1 21 14
4 68 69
5 27 45
2 28 47
6 76 3
6 38 31
2 69 31
5 79 57
3 47 14
5 100 79
2 11 9
6 52 94
4 52 89
5 29 45
3 77 9
1 4 51
5 24 95
1 76 17
1 62 11
2 61 70
6 58 2
2 15 87
1 2 17
1 15 59
4 3 56
3 8 49
2 20 5
1 17 61
5 20 23
4 32 19
1 52 91
2 7 75
3 87 30
1 68 2
5 81 32
4 79 2
4 32 30
5 18 61
3 92 14
3 45 87
5 27 18
2 51 2
3 87 8
4 20 88
1 47 59
6 40 68
1 4 69
3 1 74
5 42 48
6 36 93
6 55 8
5 4 23
4 27 45
3 89 98
5 77 71
5 1 82
2 28 24
4 3 13
5 81 90
6 9 29
4 43 71
1 65 1
1 22 30
1 58 46
32
11 75 11
11 20 13
13 62 18
14 41 48
15 55 92
10 71 88
13 57 12
12 90 68
14 82 100
12 48 61
10 88 30
11 68 46
10 21 7
13 68 31
12 28 25
15 99 86
11 86 17
11 80 53
11 66 34
13 59 3
15 49 45
11 6 27
13 16 71
15 58 22
14 53 23
11 74 100
13 39 91
14 31 29
15 74 58
15 2 48
11 64 84
13 27 68
